5428  0  0
1168  1  0
1192  1  0
1192  1  0
1192  1  0
1200  1  0
1192  1  0
1188  1  0
1212  1  -1
1220  1  -1
1236  1  -1
1224  1  -1
1224  1  -1
1224  1  -1
1228  1  -1
1228  1  -1
1232  1  -1
1224  1  -1
1228  1  -1
1228  1  -1
1224  1  -1
1236  1  -1
1224  1  -1
1224  1  -1
1224  1  -1
1228  1  -1
1232  1  -1
1228  1  -1
1224  1  -1
1228  1  -1
1228  1  -1
1228  1  -1
1228  1  -1
1228  1  -1
1224  1  -1
1224  1  -1
1236  1  -1
1224  1  -1
1232  1  -2
1228  1  -2
1232  1  -2
1236  1  -2
1232  1  -2
1228  1  -2
1228  1  -2
1232  1  -2
1240  1  -2
1228  1  -2
1232  1  -2
1228  1  -2
1228  1  -2
1236  1  -2
1232  1  -2
1228  1  -2
1232  1  -2
1236  1  -2
1228  1  -2
1232  1  -2
1228  1  -2
1232  1  -2
1236  1  -2
1232  1  -2
1228  1  -2
1232  1  -2
1228  1  -2
1236  1  -2
1232  1  -2
1228  1  -2
1232  1  -2
1228  1  -2
1236  1  -2
1232  1  -2
1228  1  -2
1232  1  -2
1228  1  -2
1236  1  -2
1232  1  -2
1228  1  -2
1228  1  -2
1232  1  -2
1240  1  -2
1228  1  -2
1232  1  -2
1228  1  -2
1232  1  -2
1236  1  -2
1228  1  -2
1232  1  -2
1228  1  -2
1232  1  -2
1236  1  -2
1228  1  -2
1228  1  -2
1232  1  -2
1228  1  -2
1240  1  -2
1232  1  -2
1228  1  -2
1232  1  -2
1228  1  -2
1236  1  -2
1232  1  -2
1228  1  -2
1232  1  -2
1228  1  -2
1236  1  -2
1228  1  -2
1232  1  -2
1228  1  -2
1232  1  -2
1240  1  -2
1228  1  -2
1228  1  -2
1232  1  -2
1228  1  -2
1240  1  -2
1228  1  -2
1232  1  -2
1228  1  -2
1232  1  -2
1232  1  -2
1232  1  -2
1228  1  -2
1232  1  -2
1228  1  -2
1236  1  -2
1220  2  -2
1220  2  -2
1220  2  -2
1220  2  -2
1224  2  -2
1216  2  -2
1220  2  -2
1220  2  -2
1220  2  -2
1224  2  -2
1216  2  -2
1220  2  -2
1220  2  -3
1216  2  -3
1224  2  -3
1216  2  -3
1216  2  -3
1220  2  -3
1212  2  -3
1216  2  -3
1236  2  -4
1224  2  -4
1224  1  -4
1228  1  -4
1224  1  -4
1228  1  -4
1228  1  -4
1220  1  -4
1228  1  -5
1224  1  -5
1232  1  -5
1224  1  -5
1224  1  -5
1220  1  -6
1216  1  -6
1232  0  -6
1220  0  -6
1220  0  -6
1224  0  -6
1220  0  -6
1228  0  -6
1220  0  -6
1220  0  -6
1220  0  -7
1220  0  -7
1228  0  -7
1220  0  -7
1220  0  -7
1220  0  -7
1220  0  -7
1224  0  -7
1220  0  -7
1220  0  -7
1220  0  -7
1220  0  -7
1220  0  -7
1224  0  -7
1220  0  -7
1220  0  -7
1220  0  -7
1216  0  -7
1228  0  -7
1220  0  -7
1216  0  -7
1220  0  -7
1220  0  -7
1228  0  -7
1216  0  -7
1220  0  -7
1220  0  -7
1220  0  -7
1228  0  -7
1220  0  -7
1220  0  -7
1220  0  -7
1220  0  -7
1224  0  -7
1220  0  -7
1220  0  -7
1220  0  -7
1220  0  -7
1224  1  -7
1232  1  -7
1224  1  -7
1224  1  -7
1224  1  -7
1228  1  -7
1232  1  -7
1228  1  -7
1224  1  -7
1224  1  -7
1224  1  -7
1232  1  -7
1224  1  -7
1224  1  -7
1228  1  -7
1228  1  -8
1232  1  -8
1224  1  -8
1224  1  -8
1224  1  -8
1224  1  -8
1232  1  -8
1224  1  -8
1224  1  -8
1224  1  -8
1224  1  -8
1232  1  -8
1224  1  -8
1224  1  -8
1224  1  -8
1228  1  -9
1232  1  -9
1224  1  -9
1220  1  -9
1228  1  -9
1224  1  -9
1228  1  -9
1228  1  -9
1224  1  -9
1220  1  -9
1224  1  -9
1232  1  -9
1224  1  -10
1280  1  -10
1288  1  -10
1296  1  -10
1292  1  -10
1284  1  -10
1288  1  -10
1292  0  -10
1280  0  -10
1280  0  -10
1280  0  -10
1288  0  -10
1280  0  -10
1288  0  -10
1280  0  -10
1284  0  -11
1280  0  -11
1276  0  -11
1276  0  -11
1284  0  -11
1280  0  -11
1272  0  -11
1280  0  -11
1288  0  -11
1272  0  -11
1280  0  -11
1276  0  -11
1284  0  -11
1276  0  -11
1280  0  -11
1276  0  -11
1284  0  -11
1288  1  -11
1284  1  -11
1288  1  -11
1292  1  -11
1284  1  -11
1284  1  -11
1284  1  -11
1296  1  -11
1284  1  -11
1288  1  -11
1284  1  -11
1292  1  -11
1284  1  -11
1284  1  -11
1288  1  -11
1292  1  -11
1284  1  -11
1284  1  -11
1288  1  -11
1292  1  -11
1288  1  -11
1284  1  -11
1288  1  -11
1288  1  -11
1284  1  -11
1288  1  -11
1292  1  -11
1284  1  -11
1284  1  -12
1280  1  -12
1292  1  -12
1280  1  -12
1284  1  -12
1280  1  -12
1292  1  -12
1280  1  -12
1280  0  -12
1284  0  -13
1284  0  -13
1280  0  -13
1280  0  -13
1280  0  -13
1288  0  -13
1276  0  -13
1280  0  -13
1280  0  -13
1292  0  -13
1280  0  -13
1280  0  -13
1276  0  -13
1288  0  -13
1280  0  -13
1280  0  -13
1280  0  -13
1284  0  -13
1280  0  -13
1280  0  -13
1280  0  -13
1288  0  -13
1280  0  -13
1280  0  -13
1280  0  -13
1284  0  -13
1280  0  -13
1280  0  -13
1280  0  -13
1296  -1  -13
1304  -1  -13
1308  -1  -13
1312  -1  -13
1320  -1  -13
1308  -1  -13
1316  -1  -13
1316  -1  -13
1312  -1  -13
1312  -1  -13
1312  -1  -13
1316  -1  -13
1312  -1  -13
1312  -1  -13
1316  -1  -13
1312  -1  -13
1312  -1  -13
1308  -1  -13
1320  -1  -13
1312  -1  -13
1308  -1  -13
1320  -1  -13
1324  -2  -13
1320  -2  -13
1328  -2  -13
1328  -2  -13
1324  -2  -12
1328  -2  -12
1332  -2  -12
1328  -2  -12
1324  -2  -12
1336  -2  -12
1324  -2  -12
1324  -2  -12
1328  -2  -12
1332  -2  -12
1324  -2  -12
1328  -2  -12
1332  -2  -12
1328  -2  -12
1324  -2  -12
1324  -2  -12
1336  -2  -12
1324  -2  -12
1324  -2  -12
1336  -2  -12
1324  -2  -12
1328  -2  -12
1332  -2  -12
1328  -2  -12
1324  -2  -12
1324  -2  -12
1336  -2  -12
1324  -2  -12
1324  -2  -12
1336  -2  -12
1324  -2  -12
1328  -2  -12
1332  -2  -12
1328  -2  -12
1324  -2  -12
1324  -2  -12
1332  -2  -12
1328  -2  -12
1324  -2  -12
1332  -2  -12
1328  -2  -12
1312  -3  -12
1316  -3  -12
1320  -3  -12
1316  -3  -11
1312  -3  -11
1320  -3  -11
1316  -3  -11
1308  -3  -11
1312  -4  -11
1316  -4  -11
1308  -4  -11
1316  -4  -10
1316  -4  -10
1308  -4  -10
1312  -4  -9
1248  -4  -9
1252  -4  -9
1244  -4  -8
1240  -4  -8
1240  -4  -8
1240  -4  -8
1296  -4  -7
1284  -4  -7
1284  -4  -6
1280  -4  -6
1296  -4  -5
1288  -4  -4
1284  -4  -4
1248  -3  -3
1252  -3  -2
1244  -3  -2
1248  -3  -1
1244  -3  -1
1240  -2  0
1216  -2  0
1220  -2  1
1224  -2  2
1232  -1  2
1240  -1  3
1224  -1  4
1232  -1  5
1224  -1  5
1220  -1  6
1228  0  6
1208  0  7
1184  0  8
1188  0  8
1196  0  9
1224  1  10
1280  1  10
1280  1  11
1272  1  12
1264  1  12
1272  1  13
1272  1  14
1276  1  14
1276  1  15
1284  1  15
1280  1  16
1280  1  17
1276  1  17
1284  1  17
1276  1  18
1276  1  18
1280  1  19
1284  1  19
1276  1  20
1272  1  20
1272  1  20
1280  1  21
1268  1  21
1272  1  21
1276  1  22
1280  1  22
1272  1  22
1276  1  22
1276  1  23
1276  1  23
1244  0  23
1240  0  23
1260  0  24
1244  0  24
1264  0  24
1252  0  25
1248  0  25
1308  -1  26
1324  -1  26
1324  -1  26
1328  -1  26
1336  -1  27
1328  -1  27
1328  -1  28
1328  -1  28
1336  -1  29
1328  -1  29
1328  -1  30
1336  -1  30
1328  -1  31
1332  -1  31
1340  -1  32
1328  -1  32
1332  -1  33
1336  -1  34
1336  -1  34
1336  -1  35
1316  0  36
1300  0  37
1296  0  38
1288  0  39
1292  0  40
1272  1  41
1264  1  42
1264  1  42
1264  2  43
1276  2  44
1264  2  45
1264  3  46
1276  3  47
1276  3  48
1284  4  49
1276  4  49
1280  4  50
1300  5  51
1272  5  52
1268  5  53
1276  6  53
1284  6  54
1276  6  55
1272  6  56
1276  6  57
1264  6  58
1280  7  58
1272  7  59
1272  7  60
1268  7  60
1280  7  61
1268  7  61
1280  7  62
1276  7  62
1280  7  63
1268  7  63
1284  7  64
1272  7  64
1288  7  64
1280  7  65
1272  7  65
1276  7  65
1284  7  65
1276  7  65
1276  7  65
1276  7  65
1280  7  65
1284  6  66
1276  6  66
1272  6  66
1272  5  66
1264  5  66
1260  5  66
1260  5  66
1272  4  66
1260  4  66
1260  4  66
1304  3  66
1304  3  66
1300  3  66
1300  3  66
1312  2  66
1320  2  67
1308  2  67
1312  2  67
1316  2  67
1312  1  67
1312  1  67
1312  1  68
1316  1  68
1312  1  68
1312  1  69
1316  1  69
1316  1  70
1308  1  70
1316  1  71
1316  1  71
1316  1  72
1312  1  73
1316  2  73
1308  2  74
1312  2  75
1312  2  76
1320  3  77
1300  3  78
1308  3  79
1312  4  80
1312  4  81
1308  4  82
1260  5  83
1312  5  84
1268  6  85
1264  6  86
1268  7  87
1268  7  88
1280  7  89
1280  8  90
1276  8  91
1288  9  92
1280  9  93
1280  10  94
1340  10  95
1344  11  96
1336  11  97
1340  11  98
1340  12  99
1328  12  100
1396  12  101
1404  13  102
1396  13  103
1392  13  103
1404  13  104
1396  13  105
1436  14  105
1448  14  105
1436  14  106
1432  14  106
1432  14  106
1436  14  106
1444  14  106
1388  13  106
1408  13  106
1392  13  106
1392  13  106
1408  12  106
1396  12  106
1412  11  106
1416  11  106
1408  11  106
1420  10  106
1416  10  106
1404  9  105
1348  9  105
1336  8  105
1332  8  105
1332  8  105
1372  7  105
1364  7  105
1372  7  105
1372  6  104
1372  6  104
1380  6  104
1368  6  104
1368  6  104
1380  6  104
1372  6  105
1372  6  105
1380  6  105
1368  6  105
1372  6  105
1384  6  106
1372  6  106
1380  6  107
1380  6  107
1372  7  108
1372  7  109
1368  7  109
1372  7  110
1336  8  111
1332  8  111
1328  8  112
1332  9  113
1336  9  114
1324  9  114
1336  9  115
1340  10  116
1400  10  117
1416  11  118
1420  11  118
1408  11  119
1412  12  120
1408  12  120
1412  13  121
1404  13  122
1412  13  122
1412  13  123
1412  14  123
1404  14  124
1404  14  125
1412  14  125
1400  14  125
1400  14  126
1400  14  126
1396  14  126
1408  14  127
1396  14  127
1396  14  127
1400  14  127
1404  14  128
1400  14  128
1408  14  128
1400  14  128
1408  14  127
1412  13  127
1412  13  127
1416  13  127
1408  13  127
1408  13  127
1416  12  127
1412  12  127
1424  12  126
1412  12  126
1412  12  126
1408  11  126
1400  11  126
1400  11  126
1404  11  126
1396  11  126
1408  10  126
1400  10  125
1400  10  125
1404  10  125
1396  10  125
1396  10  125
1404  10  125
1400  10  125
1396  10  125
1404  10  125
1400  10  126
1404  10  126
1392  10  126
1404  11  126
1404  11  126
1396  11  126
1400  11  126
1404  11  126
1416  12  126
1420  12  126
1412  12  126
1412  12  127
1416  12  127
1412  12  127
1408  12  127
1416  12  127
1408  12  127
1416  12  127
1412  12  127
1408  12  127
1416  12  127
1408  12  127
1408  12  127
1420  12  127
1404  12  127
1420  12  127
1408  12  127
1408  12  127
1408  11  127
1396  11  127
1396  11  127
1404  11  127
1396  11  127
1404  11  127
1396  11  127
1392  11  127
1408  11  127
1392  11  127
1400  11  127
1400  11  127
1396  11  127
1404  11  127
1396  11  127
1400  11  127
1400  11  127
1396  11  127
1400  11  127
1416  12  127
1408  12  127
1412  12  127
1412  12  127
1412  12  127
1416  12  127
1408  12  127
1412  12  127
1412  12  127
1412  12  127
1420  13  127
1408  13  127
1408  13  127
1416  13  127
1408  13  127
1408  13  127
1416  13  127
1412  13  127
1412  13  127
1412  13  127
1408  13  127
1416  13  127
1412  13  126
1400  13  126
1408  13  126
1404  13  126
1412  13  126
1404  13  126
1400  13  126
1412  13  126
1412  13  125
1408  13  125
1412  13  125
1408  13  125
1412  13  125
1412  13  124
1404  13  124
1416  13  124
1404  13  124
1404  13  124
1424  13  123
1412  13  123
1416  13  123
1408  13  123
1412  13  123
1416  13  122
1400  13  122
1404  13  122
1408  13  122
1408  13  121
1412  13  121
1400  13  121
1404  13  121
1416  13  120
1408  13  120
1404  13  120
1416  13  119
1404  13  119
1408  13  118
1400  13  118
1400  13  118
1412  13  117
1400  13  117
1396  13  117
1424  12  116
1404  12  116
1420  12  115
1412  12  115
1404  12  115
1420  12  114
1404  12  114
1404  12  114
1420  12  113
1412  12  113
1420  12  112
1404  12  111
1404  12  111
1412  12  110
1396  12  110
1404  11  109
1400  11  109
1396  11  109
1420  11  108
1404  11  108
1416  11  107
1412  11  107
1416  11  106
1404  11  106
1428  11  105
1408  11  105
1416  11  104
1408  11  104
1412  10  103
1416  10  103
1424  10  102
1424  10  102
1420  10  102
1424  10  101
1432  10  101
1404  10  100
1404  10  100
1408  10  99
1340  10  99
1344  10  98
1348  10  98
1340  10  98
1352  10  97
1348  10  97
1348  10  97
1344  10  96
1348  10  96
1352  10  95
1340  10  95
1356  10  94
1340  10  94
1340  10  94
1352  10  93
1348  10  93
1344  10  93
1344  10  92
1344  10  92
1348  10  91
1332  10  91
1348  10  91
1340  10  90
1332  10  90
1352  10  89
1340  10  89
1336  10  89
1352  10  88
1336  10  88
1340  10  87
1340  10  87
1336  10  86
1336  10  86
1332  10  85
1336  10  85
1340  10  84
1336  10  84
1344  10  83
1332  10  83
1332  10  82
1340  10  82
1336  10  81
1336  10  80
1328  10  80
1340  10  79
1332  10  78
1328  10  78
1340  10  77
1336  10  76
1332  10  76
1340  9  75
1280  9  74
1268  9  73
1264  9  73
1280  9  72
1268  9  71
1272  8  70
1268  8  70
1284  8  69
1276  8  68
1268  8  67
1272  8  66
1280  7  66
1284  7  65
1280  7  64
1276  7  63
1272  7  63
1284  6  62
1276  6  61
1280  6  60
1276  6  59
1272  6  58
1260  6  58
1272  6  57
1284  5  56
1288  5  55
1276  5  54
1272  5  54
1272  5  53
1280  5  52
1268  4  52
1276  4  51
1280  4  50
1284  4  50
1280  4  49
1276  4  48
1276  4  48
1288  4  47
1276  4  47
1276  4  46
1284  4  45
1288  4  45
1276  4  44
1272  4  44
1268  4  43
1276  4  42
1268  4  42
1292  4  41
1292  4  41
1300  4  40
1284  4  40
1280  4  39
1268  4  39
1284  4  39
1264  4  38
1260  4  38
1260  4  38
1288  4  37
1272  4  37
1272  4  37
1284  4  36
1284  4  36
1276  4  35
1272  4  35
1272  4  35
1280  5  34
1268  5  34
1268  5  34
1272  5  33
1276  5  33
1268  5  32
1260  6  32
1264  6  31
1268  6  31
1260  6  30
1260  6  30
1260  6  29
1260  6  29
1264  6  29
1260  6  28
1300  6  27
1300  6  27
1312  6  26
1300  6  26
1304  6  25
1304  6  25
1300  6  24
1304  6  23
1308  6  22
1304  6  22
1304  6  21
1264  5  20
1268  5  19
1268  5  18
1304  5  17
1304  5  16
1268  4  15
1272  4  14
1264  4  14
1260  4  13
1260  4  12
1280  3  11
1264  3  10
1264  3  9
1196  3  8
1220  2  7
1204  2  6
1200  2  5
1200  2  4
1212  1  3
1208  1  2
1220  1  1
1212  1  1
1184  0  -1
1208  0  -2
1196  0  -2
1220  0  -3
1224  0  -4
1216  0  -5
1240  -1  -6
1248  -1  -7
1252  -1  -8
1268  -1  -9
1264  -1  -10
1324  -1  -10
1328  -2  -11
1336  -2  -12
1324  -2  -13
1328  -2  -14
1332  -2  -14
1328  -2  -15
1328  -2  -16
1336  -2  -16
1320  -2  -17
1320  -2  -18
1316  -2  -18
1328  -2  -19
1320  -2  -19
1344  -2  -20
1352  -2  -20
1324  -2  -21
1324  -2  -21
1328  -2  -22
1312  -2  -22
1316  -2  -22
1312  -2  -23
1320  -2  -23
1304  -2  -23
1320  -1  -24
1324  -1  -24
1312  -1  -24
1316  -1  -24
1312  -1  -25
1320  -1  -25
1296  0  -25
1276  0  -25
1272  0  -25
1280  0  -26
1324  1  -26
1324  1  -26
1328  1  -26
1332  1  -27
1324  2  -27
1320  2  -27
1340  2  -28
1324  2  -28
1324  2  -28
1336  2  -29
1332  3  -29
1328  3  -29
1340  3  -30
1332  3  -30
1332  3  -31
1332  3  -31
1348  3  -32
1336  3  -33
1324  3  -33
1340  3  -34
1332  3  -34
1336  3  -35
1348  2  -36
1324  2  -37
1336  2  -38
1340  2  -38
1340  2  -39
1328  2  -40
1336  1  -41
1336  1  -42
1340  1  -43
1324  1  -44
1332  0  -45
1316  0  -46
1312  0  -47
1332  -1  -48
1360  -1  -49
1356  -1  -50
1352  -1  -52
1316  -2  -53
1356  -2  -54
1344  -2  -55
1320  -3  -57
1312  -3  -58
1316  -4  -59
1324  -4  -60
1308  -4  -61
1320  -5  -62
1320  -5  -63
1332  -5  -64
1332  -6  -65
1328  -6  -67
1332  -6  -68
1320  -7  -69
1324  -7  -70
1348  -7  -71
1328  -7  -72
1332  -8  -72
1320  -8  -73
1336  -8  -74
1328  -8  -75
1332  -8  -76
1320  -9  -76
1320  -9  -77
1324  -9  -78
1324  -9  -78
1332  -9  -79
1320  -9  -79
1320  -9  -80
1324  -9  -80
1324  -9  -81
1320  -9  -81
1332  -9  -82
1328  -9  -82
1332  -8  -82
1324  -8  -82
1336  -8  -82
1324  -8  -82
1316  -8  -83
1320  -8  -83
1320  -7  -83
1312  -7  -83
1320  -7  -83
1312  -6  -83
1304  -6  -83
1304  -6  -83
1312  -5  -83
1304  -5  -83
1304  -5  -83
1356  -4  -83
1360  -4  -83
1348  -4  -83
1352  -3  -83
1360  -3  -83
1348  -3  -83
1344  -3  -83
1368  -2  -83
1356  -2  -83
1364  -2  -84
1360  -2  -84
1356  -2  -84
1360  -1  -84
1360  -1  -84
1360  -1  -85
1356  -1  -85
1364  -1  -85
1360  -1  -86
1356  -1  -86
1364  -1  -87
1360  -1  -87
1360  -1  -88
1360  -1  -88
1364  -1  -89
1356  -2  -90
1360  -2  -91
1352  -2  -91
1356  -2  -92
1368  -2  -93
1360  -3  -94
1360  -3  -95
1368  -3  -96
1356  -3  -97
1360  -4  -98
1364  -4  -99
1360  -4  -100
1416  -5  -102
1428  -5  -103
1424  -6  -104
1424  -6  -106
1428  -7  -107
1420  -7  -108
1380  -8  -110
1376  -8  -111
1384  -9  -112
1384  -9  -113
1388  -10  -115
1444  -10  -116
1480  -11  -117
1440  -12  -119
1468  -12  -120
1460  -13  -121
1452  -13  -122
1468  -14  -123
1448  -14  -124
1452  -15  -125
1452  -15  -126
1500  -16  -127
1488  -16  -128
1488  -16  -128
1492  -17  -129
1492  -17  -130
1496  -17  -130
1484  -17  -130
1500  -17  -131
1484  -17  -131
1496  -17  -131
1484  -17  -131
1496  -17  -131
1484  -17  -131
1440  -16  -131
1444  -16  -131
1456  -15  -130
1452  -15  -130
1452  -14  -130
1460  -13  -130
1448  -13  -130
1468  -12  -130
1452  -11  -130
1444  -11  -130
1456  -10  -129
1440  -10  -129
1500  -9  -129
1420  -9  -129
1420  -9  -128
1420  -9  -128
1420  -8  -128
1412  -8  -128
1428  -8  -128
1412  -8  -128
1424  -8  -128
1416  -8  -128
1416  -8  -128
1420  -8  -128
1416  -8  -128
1424  -8  -128
1416  -9  -128
1420  -9  -129
1424  -9  -129
1420  -9  -130
1412  -9  -130
1384  -10  -131
1432  -10  -131
1452  -10  -132
1444  -10  -133
1436  -10  -133
1456  -11  -134
1448  -11  -135
1456  -11  -135
1460  -12  -136
1452  -12  -137
1440  -12  -137
1448  -12  -138
1480  -13  -139
1452  -13  -139
1464  -13  -140
1464  -14  -141
1464  -14  -141
1476  -14  -142
1452  -15  -142
1480  -15  -143
1448  -15  -143
1472  -16  -144
1444  -16  -144
1464  -16  -145
1444  -16  -145
1452  -16  -145
1456  -16  -146
1444  -16  -146
1452  -16  -146
1444  -16  -146
1444  -16  -146
1456  -16  -146
1444  -16  -146
1448  -16  -146
1448  -16  -146
1448  -16  -146
1444  -16  -146
1448  -16  -146
1452  -16  -146
1472  -15  -146
1468  -15  -146
1460  -15  -146
1456  -15  -146
1460  -14  -146
1456  -14  -145
1460  -14  -145
1448  -14  -145
1460  -14  -145
1452  -14  -145
1448  -14  -145
1452  -14  -144
1440  -14  -144
1448  -14  -144
1440  -14  -144
1456  -13  -144
1460  -13  -144
1452  -13  -144
1456  -13  -144
1452  -13  -144
1460  -13  -144
1452  -13  -144
1448  -13  -144
1452  -14  -144
1440  -14  -144
1448  -14  -144
1440  -14  -144
1440  -14  -144
1440  -14  -144
1436  -14  -144
1440  -14  -144
1436  -14  -144
1460  -15  -144
1444  -15  -144
1444  -15  -144
1456  -15  -144
1448  -15  -144
1460  -15  -144
1452  -15  -144
1452  -16  -144
1456  -16  -144
1448  -16  -144
1452  -16  -144
1452  -16  -144
1456  -16  -144
1448  -16  -144
1444  -16  -144
1456  -16  -144
1464  -16  -143
1448  -16  -143
1448  -16  -143
1448  -16  -143
1460  -16  -142
1448  -16  -142
1456  -16  -142
1444  -16  -142
1460  -16  -141
1440  -16  -141
1448  -16  -140
1448  -16  -140
1448  -16  -139
1452  -16  -139
1460  -15  -138
1444  -15  -138
1468  -15  -137
1444  -15  -136
1452  -15  -136
1472  -14  -136
1468  -14  -135
1460  -14  -135
1452  -14  -134
1468  -14  -134
1464  -14  -133
1468  -13  -133
1472  -13  -132
1472  -13  -132
1468  -13  -131
1468  -13  -131
1448  -13  -130
1448  -13  -130
1468  -13  -129
1440  -13  -129
1476  -13  -128
1452  -13  -128
1468  -13  -127
1464  -13  -127
1448  -13  -126
1460  -13  -126
1456  -13  -126
1476  -12  -125
1444  -12  -125
1456  -12  -125
1460  -12  -124
1444  -12  -124
1452  -12  -124
1452  -12  -123
1460  -13  -123
1476  -13  -123
1452  -13  -122
1456  -13  -122
1452  -13  -122
1472  -13  -121
1448  -13  -121
1444  -13  -121
1476  -13  -120
1444  -13  -120
1456  -14  -120
1444  -14  -119
1448  -14  -119
1440  -14  -119
1452  -14  -118
1456  -14  -117
1492  -15  -117
1492  -15  -116
1480  -15  -116
1496  -15  -115
1484  -15  -115
1496  -15  -114
1484  -15  -113
1492  -15  -112
1496  -15  -111
1444  -14  -110
1448  -14  -109
1496  -14  -108
1460  -13  -107
1436  -13  -107
1448  -13  -106
1472  -12  -105
1448  -12  -103
1456  -12  -102
1464  -11  -101
1456  -11  -100
1460  -10  -99
1392  -10  -98
1404  -9  -96
1328  -9  -95
1312  -9  -94
1336  -8  -93
1320  -8  -92
1324  -8  -91
1320  -7  -90
1324  -7  -89
1316  -7  -88
1316  -7  -87
1320  -7  -86
1320  -6  -85
1308  -6  -84
1308  -6  -83
1316  -5  -82
1308  -5  -82
1308  -5  -81
1316  -5  -80
1304  -5  -80
1312  -5  -79
1312  -5  -78
1316  -5  -78
1312  -5  -77
1312  -5  -76
1312  -5  -76
1316  -5  -75
1308  -5  -75
1312  -5  -75
1312  -5  -74
1320  -6  -74
1316  -6  -74
1332  -6  -73
1312  -6  -73
1320  -6  -72
1320  -7  -72
1328  -7  -72
1352  -7  -71
1340  -7  -71
1332  -8  -71
1316  -8  -71
1320  -8  -71
1320  -8  -71
1324  -8  -71
1320  -9  -70
1308  -9  -70
1316  -9  -70
1312  -10  -70
1372  -10  -69
1432  -10  -68
1416  -10  -68
1428  -11  -67
1432  -11  -67
1428  -11  -66
1432  -11  -66
1424  -11  -65
1420  -11  -64
1424  -11  -64
1424  -11  -63
1428  -11  -62
1420  -11  -61
1424  -11  -60
1428  -11  -59
1428  -11  -58
1432  -10  -57
1428  -10  -55
1420  -10  -54
1428  -9  -53
1360  -9  -51
1356  -9  -50
1364  -8  -48
1352  -8  -47
1308  -7  -45
1320  -7  -44
1320  -6  -42
1320  -6  -41
1320  -5  -39
1332  -5  -38
1332  -4  -36
1332  -3  -35
1320  -3  -33
1324  -2  -32
1316  -1  -31
1324  -1  -29
1300  0  -28
1280  0  -26
1272  0  -25
1336  1  -24
1288  1  -22
1328  2  -21
1332  2  -20
1336  2  -18
1328  3  -17
1336  3  -16
1348  3  -15
1332  3  -14
1324  3  -13
1336  3  -12
1328  3  -11
1332  3  -10
1328  3  -10
1336  3  -9
1264  3  -8
1260  3  -8
1260  3  -8
1268  3  -7
1260  3  -7
1252  3  -7
1220  2  -7
1228  2  -7
1220  2  -6
1224  1  -6
1216  1  -6
1220  1  -6
1228  0  -6
1220  0  -6
1240  -1  -6
1256  -1  -6
1244  -2  -6
1256  -2  -6
1244  -3  -6
1248  -3  -6
1284  -4  -6
1292  -4  -6
1300  -5  -5
1292  -5  -5
1284  -6  -5
1296  -6  -5
1288  -6  -5
1308  -7  -5
1288  -7  -5
1296  -7  -4
1284  -7  -4
1300  -8  -4
1292  -8  -3
1304  -8  -3
1284  -8  -3
1304  -8  -2
1296  -8  -1
1280  -8  0
1264  -8  0
1272  -8  1
1276  -8  2
1280  -8  3
1272  -8  4
1272  -8  5
1268  -7  6
1276  -7  7
1272  -7  9
1272  -7  10
1328  -6  11
1340  -6  13
1332  -6  14
1332  -5  16
1344  -5  18
1344  -4  19
1332  -4  21
1344  -3  23
1332  -2  25
1328  -2  27
1336  -1  29
1332  -1  30
1276  0  33
1276  1  34
1276  1  36
1272  2  38
1276  3  40
1272  4  42
1284  4  44
1276  5  45
1276  6  47
1260  7  49
1264  7  50
1268  8  52
1260  8  54
1308  9  55
1308  9  57
1308  10  58
1368  10  60
1372  11  62
1384  11  63
1368  11  64
1384  12  66
1380  12  67
1372  12  68
1384  12  69
1392  13  70
1368  13  71
1384  13  71
1380  13  72
1372  13  72
1384  13  73
1372  13  73
1372  13  73
1380  13  73
1376  13  73
1372  12  73
1380  12  73
1368  12  73
1376  11  73
1336  10  73
1324  10  73
1336  9  73
1280  9  73
1268  8  73
1280  7  72
1272  7  72
1268  6  72
1272  5  72
1260  4  72
1308  3  72
1316  2  72
1304  2  72
1316  1  72
1288  0  72
1320  -1  72
1340  -1  72
1336  -1  72
1344  -2  72
1340  -2  72
1336  -2  72
1336  -2  72
1356  -2  73
1340  -2  73
1328  -2  73
1356  -3  74
1328  -3  74
1340  -3  75
1356  -3  76
1344  -3  77
1336  -3  78
1356  -2  79
1340  -2  81
1340  -2  82
1356  -1  83
1340  -1  85
1316  0  86
1308  0  88
1320  1  90
1316  1  91
1308  2  93
1320  2  95
1304  3  97
1316  4  99
1312  4  101
1372  5  103
1376  6  105
1372  7  107
1340  8  109
1332  9  111
1336  10  113
1420  11  116
1416  12  118
1408  13  120
1412  14  122
1396  15  124
1404  15  126
1444  16  128
1444  17  130
1452  18  132
1444  18  134
1452  19  136
1452  20  137
1452  21  138
1448  21  140
1456  22  141
1460  23  142
1448  23  142
1460  24  143
1444  24  143
1452  25  144
1456  25  144
1452  25  145
1452  25  145
1452  24  146
1452  24  146
1444  24  146
1448  23  146
1452  23  146
1452  22  145
1448  22  145
1440  21  145
1444  21  144
1448  20  144
1448  19  143
1452  18  142
1392  17  142
1404  16  141
1404  16  140
1416  15  139
1420  14  138
1420  13  137
1400  12  137
1412  11  136
1448  9  136
1376  8  136
1396  7  136
1372  5  136
1376  4  136
1396  3  136
1384  3  135
1392  2  135
1384  2  135
1388  1  135
1400  1  134
1388  1  134
1392  1  135
1368  0  135
1368  0  136
1372  0  137
1404  1  137
1388  1  138
1396  1  139
1400  2  140
1384  3  141
1380  3  142
1400  4  143
1380  5  145
1392  6  147
1380  6  149
1376  7  151
1384  8  153
1388  9  155
1372  10  157
1448  11  160
1444  12  163
1448  13  165
1392  14  167
1408  15  170
1444  17  172
1412  18  174
1408  19  176
1456  21  178
1444  22  180
1452  23  181
1440  25  183
1452  26  185
1452  27  186
1448  28  188
1456  29  189
1456  30  190
1464  31  191
1452  32  192
1452  33  193
1460  34  194
1452  34  195
1460  34  197
1456  34  198
1456  34  199
1452  34  200
1444  34  200
1452  34  200
1444  34  200
1456  34  200
1444  34  200
1452  33  199
1448  33  199
1456  32  199
1460  32  199
1456  31  198
1464  31  197
1452  31  196
1456  30  195
1456  30  194
1452  29  192
1452  29  191
1452  28  190
1460  27  188
1444  26  187
1448  25  185
1456  24  183
1448  23  181
1448  22  179
1444  21  177
1396  20  175
1416  19  173
1408  18  171
1428  16  169
1404  15  168
1404  14  166
1460  12  165
1444  10  165
1460  8  164
1380  6  164
1396  4  163
1392  3  163
1388  2  162
1396  1  161
1380  0  160
1368  0  159
1380  0  158
1380  0  157
1372  0  157
1388  -1  157
1416  -1  157
1412  -1  157
1420  -1  157
1392  0  157
1376  0  158
1396  1  158
1388  2  159
1392  3  160
1400  4  161
1384  5  163
1376  6  165
1396  6  166
1380  7  169
1388  8  170
1376  10  173
1444  11  175
1452  13  177
1444  14  180
1392  15  182
1408  16  184
1412  18  186
1412  20  189
1400  21  191
1440  23  193
1464  25  194
1440  26  196
1460  28  197
1448  29  199
1448  31  200
1464  32  201
1456  34  202
1464  36  203
1460  37  204
1468  38  205
1448  39  206
1452  39  208
1460  39  210
1452  39  211
1468  39  213
1448  39  213
1456  39  214
1456  40  214
1444  40  214
1460  41  214
1456  41  213
1452  41  213
1448  41  213
1448  41  213
1460  40  213
1452  40  212
1448  40  212
1456  40  211
1456  40  209
1448  40  208
1456  39  207
1460  39  206
1460  38  205
1464  38  203
1460  37  202
1460  36  201
1464  35  199
1456  35  197
1464  34  195
1456  34  192
1464  33  190
1452  32  187
1448  32  185
1472  31  182
1456  29  180
1464  28  178
1448  27  175
1460  26  172
1456  25  169
1448  24  166
1452  23  163
1452  22  159
1460  20  156
1440  19  153
1396  17  150
1412  16  147
1404  14  144
1412  12  141
1448  10  139
1452  8  137
1384  6  135
1392  3  133
1392  1  132
1396  -1  130
1412  -2  128
1420  -3  126
1412  -4  124
1416  -5  122
1420  -6  120
1412  -6  118
1416  -7  117
1416  -7  115
1412  -8  114
1412  -8  114
1408  -8  113
1404  -8  113
1416  -8  112
1416  -7  112
1412  -6  112
1412  -6  112
1408  -5  113
1420  -4  113
1412  -2  114
1416  -1  116
1404  0  117
1396  1  119
1388  2  121
1384  3  123
1384  4  125
1388  6  127
1368  8  129
1372  9  131
1344  11  132
1400  13  134
1400  15  136
1412  16  138
1452  18  140
1456  20  141
1452  22  143
1452  23  144
1460  25  146
1460  27  147
1460  29  148
1456  31  149
1460  32  150
1456  34  150
1460  35  151
1464  36  153
1460  37  154
1464  37  156
1452  37  157
1452  37  158
1464  37  159
1452  38  159
1468  39  159
1452  39  159
1468  40  159
1452  40  159
1468  41  158
1460  41  158
1452  41  158
1460  41  158
1456  40  158
1472  40  157
1460  40  156
1460  40  155
1468  41  154
1460  41  152
1464  41  151
1456  41  150
1468  40  149
1464  40  147
1460  39  146
1468  39  144
1460  39  142
1472  38  140
1460  38  137
1464  38  135
1464  37  133
1456  37  130
1472  36  128
1460  35  126
1464  34  123
1460  33  121
1468  32  118
1452  32  115
1460  31  112
1460  30  109
1452  29  106
1468  28  102
1448  28  99
1396  26  95
1400  25  92
1388  24  89
1400  23  86
1388  22  82
1392  20  78
1400  19  74
1388  18  71
1388  17  67
1392  16  63
1384  14  59
1368  13  55
1392  11  51
1380  10  47
1368  8  43
1280  6  39
1272  5  36
1276  3  32
1272  1  29
1316  -1  26
1324  -3  23
1340  -6  21
1356  -8  18
1344  -10  16
1408  -12  13
1424  -14  10
1416  -15  6
1352  -16  3
1336  -17  0
1356  -18  -2
1364  -19  -5
1380  -19  -7
1368  -20  -9
1368  -21  -11
1436  -21  -12
1440  -22  -14
1444  -22  -15
1436  -22  -17
1432  -21  -18
1440  -21  -19
1440  -20  -19
1448  -20  -20
1440  -19  -20
1440  -18  -19
1448  -17  -18
1436  -16  -18
1444  -15  -16
1440  -14  -15
1444  -13  -14
1432  -11  -12
1436  -10  -11
1428  -8  -9
1300  -7  -8
1300  -5  -7
1244  -3  -6
1276  -1  -4
1240  0  -3
1224  2  -2
1228  3  -1
1268  5  1
1252  7  2
1248  8  3
1244  10  4
1316  11  5
1328  13  6
1316  14  7
1328  16  8
1328  17  9
1324  19  10
1380  20  11
1408  22  11
1384  23  12
1392  24  13
1396  25  14
1392  25  15
1396  26  16
1392  26  16
1392  26  17
1396  27  17
1388  27  17
1376  28  17
1384  28  17
1392  29  17
1372  29  16
1396  29  16
1380  29  16
1372  30  16
1400  30  15
1372  30  15
1388  30  14
1400  30  13
1380  30  12
1388  31  11
1396  31  9
1320  31  8
1320  31  7
1324  31  6
1316  31  4
1324  30  3
1324  30  2
1300  30  0
1328  30  -2
1332  30  -3
1356  30  -5
1344  29  -7
1336  29  -9
1360  29  -11
1400  28  -13
1408  28  -14
1420  27  -16
1408  27  -18
1416  26  -21
1404  26  -23
1404  25  -25
1412  25  -28
1408  24  -31
1404  24  -34
1420  23  -36
1408  23  -39
1420  22  -42
1412  21  -45
1420  20  -47
1420  20  -50
1416  19  -53
1424  18  -56
1416  17  -59
1412  16  -62
1420  15  -64
1412  14  -68
1412  13  -71
1420  12  -74
1408  11  -77
1428  10  -81
1412  9  -84
1352  8  -87
1356  7  -91
1344  6  -94
1340  5  -98
1348  4  -102
1400  3  -106
1412  2  -110
1424  1  -114
1396  0  -118
1408  -1  -122
1432  -3  -126
1432  -4  -130
1440  -5  -134
1424  -7  -139
1428  -8  -143
1436  -10  -147
1480  -11  -151
1448  -13  -156
1468  -15  -160
1472  -17  -164
1452  -19  -168
1496  -21  -172
1504  -23  -175
1492  -25  -178
1508  -28  -181
1504  -30  -184
1508  -32  -187
1504  -33  -190
1512  -34  -193
1508  -35  -196
1512  -36  -199
1508  -37  -202
1516  -38  -204
1504  -38  -206
1508  -39  -207
1504  -39  -209
1512  -39  -210
1504  -39  -211
1504  -39  -212
1516  -38  -213
1500  -38  -213
1512  -37  -213
1500  -36  -213
1508  -35  -213
1508  -33  -212
1508  -32  -212
1500  -30  -211
1504  -28  -210
1500  -27  -208
1504  -25  -207
1448  -23  -206
1468  -21  -205
1480  -20  -203
1444  -18  -202
1508  -16  -201
1492  -14  -199
1500  -12  -199
1500  -10  -198
1512  -8  -197
1448  -7  -196
1444  -5  -195
1432  -3  -195
1444  -2  -194
1420  0  -194
1416  1  -194
1408  3  -194
1424  4  -193
1408  5  -193
1424  5  -192
1416  6  -191
1416  6  -190
1424  6  -189
1412  6  -189
1420  6  -188
1408  6  -188
1412  7  -188
1420  7  -189
1404  8  -189
1404  8  -190
1408  8  -190
1408  8  -191
1404  8  -191
1404  8  -192
1408  8  -193
1408  8  -195
1408  8  -196
1404  8  -198
1412  8  -199
1408  8  -201
1408  8  -203
1408  8  -204
1408  8  -206
1416  7  -207
1404  7  -209
1404  6  -211
1412  6  -212
1404  6  -214
1416  5  -216
1404  5  -219
1420  4  -221
1424  4  -223
1420  3  -226
1416  3  -228
1424  2  -231
1424  1  -233
1424  1  -236
1404  0  -239
1412  -1  -241
1436  -1  -244
1440  -2  -247
1440  -3  -250
1440  -4  -253
1440  -5  -256
1444  -6  -259
1440  -7  -262
1452  -8  -265
1444  -10  -268
1508  -11  -271
1508  -12  -275
1504  -13  -279
1516  -15  -283
1508  -16  -287
1516  -17  -291
1500  -19  -295
1504  -20  -299
1508  -21  -303
1500  -23  -308
1492  -24  -312
1508  -26  -317
1492  -27  -322
1452  -29  -326
1460  -31  -330
1464  -32  -334
1476  -34  -338
1456  -36  -341
1508  -39  -344
1500  -41  -347
1512  -44  -349
1512  -47  -351
1516  -49  -353
1512  -52  -355
1520  -53  -357
1504  -55  -359
1512  -55  -361
1512  -56  -363
1516  -57  -365
1508  -57  -366
1512  -58  -367
1516  -59  -368
1508  -59  -369
1512  -59  -370
1500  -59  -370
1508  -59  -370
1504  -58  -371
1516  -57  -371
1500  -56  -371
1516  -55  -371
1512  -54  -370
1516  -53  -369
1512  -51  -367
1516  -50  -366
1512  -48  -363
1520  -47  -361
1500  -45  -359
1516  -43  -356
1504  -41  -354
1508  -40  -351
1460  -37  -349
1468  -35  -346
1480  -33  -344
1444  -31  -342
1512  -29  -339
1500  -27  -337
1508  -25  -335
1500  -23  -332
1516  -20  -330
1504  -19  -328
1516  -17  -326
1512  -16  -323
1512  -14  -320
1516  -13  -318
1512  -12  -315
1512  -11  -312
1512  -10  -309
1516  -9  -307
1448  -8  -304
1448  -8  -302
1444  -7  -300
1452  -6  -298
1448  -5  -296
1444  -5  -295
1456  -4  -294
1444  -4  -293
1456  -3  -292
1444  -3  -291
1436  -2  -291
1440  -1  -291
1428  -1  -291
1424  0  -291
1400  0  -291
1388  0  -291
1408  0  -291
1400  0  -292
1384  0  -292
1412  0  -292
1400  0  -293
1400  0  -293
1396  0  -293
1400  0  -294
1400  0  -294
1408  -1  -294
1436  -1  -295
1440  -1  -295
1436  -2  -296
1440  -2  -297
1440  -3  -298
1432  -3  -300
1448  -3  -301
1448  -4  -302
1452  -4  -304
1444  -5  -306
1448  -5  -307
1448  -6  -309
1440  -7  -311
1448  -7  -312
1444  -8  -314
1452  -9  -316
1440  -10  -318
1500  -11  -320
1508  -12  -322
1508  -13  -324
1512  -14  -326
1512  -15  -329
1520  -17  -331
1504  -18  -334
1516  -19  -337
1504  -20  -339
1516  -21  -343
1508  -22  -346
1508  -24  -349
1500  -25  -352
1508  -26  -356
1504  -27  -359
1500  -29  -363
1500  -30  -366
1496  -32  -369
1504  -33  -372
1452  -35  -375
1476  -36  -378
1468  -38  -380
1464  -40  -383
1496  -42  -385
1504  -44  -387
1504  -46  -389
1508  -48  -390
1504  -49  -392
1516  -51  -393
1508  -52  -394
1512  -54  -395
1516  -55  -396
1512  -56  -397
1520  -57  -398
1508  -57  -399
1508  -58  -399
1496  -58  -399
1508  -59  -399
1500  -59  -399
1508  -58  -399
1492  -58  -399
1516  -57  -399
1512  -56  -398
1520  -55  -397
1508  -54  -396
1520  -53  -394
1504  -52  -392
1512  -51  -389
1520  -50  -387
1504  -48  -384
1508  -47  -381
1504  -45  -379
1508  -43  -376
1500  -41  -373
1460  -39  -370
1464  -38  -367
1476  -36  -364
1472  -35  -361
1448  -33  -357
1504  -31  -355
1500  -29  -352
1508  -27  -349
1504  -25  -346
1512  -24  -344
1508  -22  -341
1512  -20  -338
1504  -19  -335
1512  -18  -332
1512  -17  -329
1516  -16  -325
1508  -15  -322
1516  -15  -319
1508  -14  -316
1520  -13  -314
1508  -12  -311
1512  -11  -309
1508  -11  -307
1508  -10  -305
1512  -10  -303
1504  -10  -301
1520  -9  -299
1444  -9  -298
1444  -9  -297
1448  -8  -296
1436  -8  -296
1444  -8  -295
1432  -8  -295
1440  -8  -295
1436  -8  -295
1448  -8  -294
1436  -8  -294
1436  -8  -294
1440  -8  -294
1436  -9  -294
1448  -9  -295
1432  -10  -295
1488  -10  -295
1520  -11  -296
1504  -12  -296
1508  -12  -296
1508  -13  -297
1516  -14  -298
1504  -15  -299
1516  -16  -300
1512  -17  -301
1520  -18  -302
1504  -19  -303
1508  -20  -305
1496  -20  -307
1512  -21  -309
1496  -23  -310
1504  -24  -312
1500  -25  -314
1492  -26  -316
1500  -28  -318
1448  -29  -320
1476  -31  -322
1468  -32  -323
1464  -34  -325
1496  -36  -326
1508  -37  -327
1496  -39  -328
1516  -41  -329
1504  -43  -330
1512  -44  -331
1508  -46  -331
1512  -47  -332
1512  -48  -332
1508  -49  -332
1512  -50  -332
1508  -51  -332
1508  -51  -332
1504  -51  -332
1516  -52  -331
1500  -52  -331
1520  -51  -330
1504  -51  -329
1512  -51  -328
1504  -51  -326
1520  -50  -324
1512  -50  -322
1508  -50  -319
1516  -49  -316
1516  -48  -314
1520  -47  -310
1512  -46  -307
1516  -44  -304
1504  -43  -300
1520  -42  -296
1512  -40  -292
1516  -39  -287
1508  -37  -283
1512  -35  -279
1500  -33  -275
1508  -31  -271
1444  -29  -267
1476  -27  -263
1468  -25  -259
1444  -23  -255
1504  -20  -252
1496  -19  -248
1496  -17  -244
1496  -15  -240
1508  -13  -236
1508  -11  -232
1516  -10  -228
1500  -8  -224
1448  -7  -221
1436  -5  -217
1444  -4  -214
1448  -3  -211
1436  -1  -207
1428  0  -204
1400  0  -201
1416  1  -198
1420  1  -195
1416  2  -191
1424  2  -189
1412  2  -186
1412  3  -184
1424  3  -182
1416  4  -181
1412  4  -180
1424  5  -178
1412  5  -177
1420  5  -175
1412  5  -174
1416  5  -173
1420  4  -171
1412  4  -170
1408  4  -170
1420  4  -169
1408  4  -169
1416  3  -169
1404  3  -169
1412  2  -168
1420  1  -168
1392  0  -168
1392  0  -168
1428  -1  -169
1428  -2  -169
1440  -3  -170
1436  -4  -170
1436  -5  -171
1440  -6  -172
1432  -7  -174
1436  -8  -175
1428  -9  -176
1432  -11  -177
1492  -12  -178
1492  -14  -180
1448  -15  -181
1468  -17  -182
1468  -19  -183
1456  -20  -184
1500  -22  -185
1496  -24  -186
1492  -27  -186
1508  -29  -186
1504  -31  -185
1508  -34  -185
1508  -36  -184
1508  -37  -184
1500  -39  -184
1516  -40  -183
1496  -40  -183
1508  -41  -183
1504  -41  -182
1516  -42  -182
1508  -42  -181
1516  -42  -179
1508  -42  -178
1520  -42  -176
1504  -42  -175
1520  -41  -173
1508  -40  -170
1512  -40  -168
1516  -39  -165
1504  -37  -161
1520  -36  -158
1504  -35  -153
1516  -34  -148
1504  -33  -143
1520  -32  -138
1508  -30  -133
1512  -28  -127
1504  -27  -122
1512  -25  -116
1504  -23  -110
1504  -20  -104
1500  -18  -98
1440  -16  -92
1428  -13  -87
1376  -11  -81
1412  -8  -76
1316  -5  -71
1360  -3  -66
1356  0  -61
1332  2  -56
1336  5  -51
1356  7  -46
1344  9  -41
1344  11  -36
1412  13  -30
1416  16  -25
1408  18  -19
1420  20  -14
1416  22  -9
1360  23  -3
1356  25  2
1332  26  7
1308  28  12
1392  29  17
1380  30  22
1380  31  27
1400  32  32
1392  34  36
1384  35  40
1396  37  44
1388  38  47
1376  39  50
1396  40  54
1384  42  57
1376  42  60
1396  43  64
1368  44  67
1384  45  70
1376  45  73
1384  46  76
1392  47  79
1368  47  82
1380  48  84
1380  48  86
1376  49  89
1372  49  91
1380  49  93
1372  49  95
1376  50  97
1380  50  99
1372  50  100
1432  50  101
1456  51  102
1432  51  103
1452  51  104
1436  51  105
1444  51  106
1440  50  106
1432  50  107
1456  50  108
1444  49  108
1444  49  108
1440  48  108
1428  48  108
1464  47  108
1444  46  108
1452  45  108
1456  44  107
1444  44  107
1464  43  106
1460  42  105
1460  41  104
1452  40  103
1460  40  102
1456  39  100
1456  38  99
1400  36  98
1396  35  97
1404  34  95
1396  33  94
1388  31  92
1396  30  90
1392  29  88
1392  28  85
1392  27  83
1392  25  81
1392  24  78
1404  23  76
1388  21  74
1392  19  71
1400  18  69
1380  16  66
1392  14  63
1372  13  60
1380  11  57
1380  10  54
1332  8  51
1284  6  49
1280  4  46
1276  2  44
1296  0  42
1312  -2  40
1352  -4  38
1344  -7  37
1352  -9  36
1344  -12  34
1416  -14  33
1412  -16  32
1424  -18  30
1412  -20  29
1420  -21  27
1424  -22  26
1416  -22  24
1424  -23  23
1416  -24  22
1404  -24  22
1416  -25  21
1404  -25  21
1400  -25  21
1420  -26  22
1408  -26  22
1412  -25  23
1400  -25  23
1412  -24  25
1424  -23  26
1416  -23  28
1420  -22  30
1424  -22  33
1420  -21  36
1424  -20  39
1416  -20  42
1420  -19  45
1420  -18  49
1416  -16  52
1420  -15  56
1412  -13  60
1416  -12  64
1420  -10  68
1416  -8  73
1340  -6  77
1360  -4  82
1344  -2  86
1320  0  91
1328  2  95
1308  4  100
1324  7  104
1352  10  109
1408  12  113
1436  15  118
1460  18  123
1444  20  128
1460  22  132
1456  25  137
1452  28  142
1464  30  146
1456  32  151
1464  34  155
1456  36  159
1464  39  163
1460  41  167
1452  43  171
1456  45  175
1456  46  179
1460  47  183
1452  48  187
1452  49  191
1460  50  195
1456  52  198
1460  53  201
1452  54  204
1452  56  206
1452  57  208
1440  58  210
1452  59  213
1444  60  215
1448  60  217
1444  61  219
1436  61  221
1456  62  223
1440  63  224
1448  63  225
1440  64  226
1440  64  228
1444  65  229
1432  65  230
1440  65  230
1444  65  231
1444  65  232
1432  65  232
1428  65  232
1452  66  232
1436  66  232
1444  66  232
1436  66  232
1428  65  232
1456  65  231
1440  64  231
1440  64  231
1440  64  230
1432  64  229
1456  63  228
1436  63  227
1448  63  226
1444  62  225
1440  62  223
1460  61  222
1428  61  220
1464  60  219
1448  59  217
1448  59  215
1448  58  213
1432  58  211
1464  57  209
1448  56  206
1460  55  204
1448  54  202
1456  53  200
1460  52  197
1456  51  195
1464  50  192
1456  49  189
1460  48  186
1456  47  183
1456  46  180
1460  45  177
1464  43  173
1468  42  169
1464  41  166
1468  39  162
1456  38  158
1456  37  154
1468  35  150
1460  34  146
1464  32  141
1460  31  137
1464  29  133
1460  28  129
1460  25  124
1464  24  119
1452  22  115
1460  20  110
1448  18  105
1452  16  100
1448  15  94
1376  13  89
1344  11  85
1340  9  80
1280  7  75
1272  5  71
1316  3  67
1300  0  63
1312  -2  59
1348  -4  56
1344  -7  53
1344  -10  50
1416  -13  47
1416  -16  44
1416  -18  41
1428  -20  38
1416  -21  35
1412  -23  32
1416  -24  28
1412  -24  25
1412  -24  22
1412  -25  19
1408  -25  17
1416  -26  15
1404  -26  13
1416  -27  12
1412  -27  11
1408  -27  10
1420  -26  9
1344  -26  8
1352  -25  8
1348  -25  8
1352  -24  8
1352  -23  9
1356  -23  10
1412  -22  12
1416  -21  14
1420  -20  16
1412  -19  18
1416  -17  20
1424  -16  22
1416  -14  24
1416  -12  26
1416  -10  28
1408  -8  31
1352  -6  33
1340  -4  36
1328  -1  38
1296  1  41
1280  3  43
1280  5  46
1260  7  48
1316  9  50
1308  12  53
1380  14  56
1392  16  58
1388  18  61
1380  20  63
1404  22  66
1392  24  68
1388  25  71
1396  27  74
1392  28  77
1388  29  79
1396  31  82
1396  32  84
1400  33  86
1392  34  88
1380  36  89
1400  37  91
1392  38  93
1384  39  94
1396  40  96
1384  40  97
1380  41  98
1400  42  98
1384  43  99
1372  44  99
1388  45  99
1376  46  99
1388  46  100
1440  47  100
1428  47  100
1456  48  100
1440  48  100
1448  48  100
1440  48  100
1440  48  99
1380  49  99
1376  49  98
1368  49  98
1380  49  97
1372  49  96
1376  49  95
1380  49  94
1372  49  93
1372  49  91
1384  49  90
1376  49  88
1372  49  87
1380  49  85
1372  49  83
1380  49  81
1372  49  80
1388  48  78
1372  48  76
1368  48  74
1380  47  71
1380  47  69
1380  46  67
1376  46  65
1392  45  62
1372  45  60
1380  44  57
1380  44  55
1380  43  52
1376  43  49
1384  42  46
1396  41  43
1364  41  40
1400  40  37
1388  39  34
1376  39  30
1400  38  27
1380  37  23
1396  36  20
1384  35  16
1392  34  13
1400  33  9
1320  32  6
1324  31  2
1340  30  -2
1336  29  -6
1348  28  -10
1408  28  -14
1408  26  -18
1404  25  -22
1416  24  -27
1416  23  -31
1420  22  -35
1420  20  -40
1416  19  -44
1420  18  -49
1412  17  -54
1412  15  -58
1420  14  -63
1408  12  -68
1416  11  -73
1420  9  -78
1352  8  -82
1352  7  -87
1336  5  -92
1340  4  -97
1348  3  -102
1416  1  -108
1396  0  -114
1412  -2  -119
1424  -4  -125
1428  -5  -130
1440  -7  -136
1428  -8  -142
1432  -10  -148
1432  -12  -154
1456  -14  -159
1468  -16  -165
1440  -19  -171
1504  -21  -176
1492  -23  -181
1500  -25  -186
1496  -27  -190
1508  -30  -195
1504  -32  -200
1500  -34  -204
1512  -35  -209
1504  -37  -213
1512  -39  -217
1508  -40  -220
1512  -42  -224
1504  -43  -227
1512  -44  -230
1504  -44  -233
1512  -45  -235
1500  -45  -238
1508  -45  -240
1504  -45  -242
1508  -45  -244
1504  -45  -245
1512  -44  -246
1496  -44  -246
1500  -43  -246
1508  -42  -246
1504  -41  -246
1512  -40  -245
1500  -38  -245
1516  -36  -244
1500  -34  -243
1512  -33  -242
1496  -31  -241
1504  -29  -239
1452  -26  -238
1476  -24  -237
1460  -22  -236
1440  -20  -235
1516  -17  -234
1492  -15  -234
1512  -12  -233
1508  -10  -232
1512  -8  -231
1444  -6  -230
1440  -4  -229
1440  -3  -228
1436  -1  -227
1428  0  -226
1428  2  -225
1424  3  -224
1424  4  -223
1416  4  -222
1416  5  -220
1404  6  -219
1404  6  -218
1412  7  -218
1408  7  -217
1412  8  -217
1404  9  -217
1408  9  -218
1412  10  -218
1468  11  -219
1476  11  -219
1476  12  -219
1468  12  -220
1484  12  -221
1472  13  -222
1472  13  -222
1472  13  -223
1480  14  -225
1472  14  -226
1480  14  -227
1468  14  -228
1472  14  -229
1480  14  -231
1472  14  -232
1472  14  -234
1464  14  -236
1476  14  -238
1460  14  -240
1468  14  -242
1472  13  -244
1464  13  -246
1472  13  -248
1480  12  -251
1468  12  -253
1468  12  -255
1476  12  -258
1476  11  -261
1476  11  -263
1484  10  -266
1476  10  -269
1488  9  -271
1416  8  -274
1416  8  -277
1412  7  -279
1412  6  -282
1420  5  -285
1416  4  -288
1416  4  -291
1420  3  -294
1416  2  -297
1424  1  -301
1416  1  -304
1400  0  -308
1420  -1  -311
1432  -2  -315
1448  -3  -319
1432  -4  -323
1436  -5  -327
1440  -6  -331
1444  -7  -335
1456  -8  -339
1440  -10  -343
1504  -11  -348
1516  -12  -352
1504  -14  -356
1516  -15  -361
1504  -16  -365
1512  -18  -370
1508  -19  -374
1512  -21  -379
1508  -22  -384
1512  -24  -388
1500  -25  -393
1516  -27  -398
1504  -28  -402
1508  -30  -407
1504  -32  -412
1508  -33  -416
1504  -35  -421
1500  -37  -426
1492  -39  -431
1448  -41  -435
1476  -43  -439
1460  -45  -444
1460  -47  -447
1500  -49  -451
1500  -52  -454
1504  -55  -456
1516  -57  -459
1504  -60  -462
1512  -61  -465
1520  -63  -468
1508  -64  -471
1520  -65  -473
1504  -66  -475
1516  -66  -478
1508  -67  -479
1520  -68  -480
1508  -68  -481
1516  -68  -482
1504  -68  -483
1508  -68  -483
1512  -68  -484
1508  -67  -484
1508  -66  -484
1520  -65  -483
1504  -64  -483
1516  -62  -482
1508  -61  -480
1520  -59  -479
1504  -58  -477
1508  -56  -475
1508  -54  -473
1500  -52  -470
1500  -50  -468
1452  -48  -466
1480  -45  -463
1448  -43  -461
1508  -41  -459
1504  -39  -457
1508  -36  -455
1508  -34  -453
1520  -32  -451
1508  -30  -449
1508  -28  -447
1516  -26  -444
1504  -25  -441
1512  -24  -438
1508  -22  -435
1516  -21  -433
1512  -20  -430
1520  -18  -428
1512  -17  -425
1520  -16  -423
1508  -15  -420
1508  -14  -417
1500  -14  -415
1512  -13  -412
1504  -12  -410
1512  -11  -408
1504  -11  -406
1512  -10  -405
1508  -9  -404
1448  -8  -403
1448  -7  -402
1436  -6  -401
1448  -5  -400
1424  -5  -400
1428  -4  -400
1440  -4  -399
1436  -3  -399
1436  -3  -399
1424  -2  -399
1424  -2  -399
1432  -2  -399
1424  -1  -399
1436  -1  -399
1424  -1  -399
1424  -1  -399
1432  -1  -399
1424  -1  -399
1432  -1  -399
1424  -2  -399
1424  -2  -399
1436  -2  -400
1420  -2  -400
1436  -2  -401
1432  -3  -402
1436  -3  -403
1440  -3  -403
1432  -3  -404
1444  -4  -405
1436  -4  -406
1428  -4  -407
1444  -4  -408
1436  -5  -409
1440  -5  -410
1436  -6  -411
1428  -6  -413
1448  -7  -414
1432  -7  -415
1448  -8  -417
1432  -8  -418
1440  -9  -419
1440  -9  -421
1440  -10  -422
1508  -11  -424
1504  -12  -426
1508  -13  -428
1508  -13  -430
1508  -14  -432
1500  -15  -434
1512  -15  -437
1500  -16  -439
1508  -17  -442
1512  -18  -444
1508  -18  -447
1520  -19  -449
1512  -20  -452
1512  -21  -454
1512  -22  -457
1508  -23  -459
1512  -24  -462
1512  -25  -464
1504  -27  -466
1512  -28  -468
1516  -29  -470
1512  -30  -473
1508  -32  -475
1516  -33  -477
1508  -35  -480
1516  -36  -483
1504  -37  -486
1512  -38  -488
1500  -40  -492
1500  -41  -495
1504  -42  -498
1496  -44  -501
1504  -45  -505
1440  -47  -508
1464  -48  -511
1476  -50  -514
1480  -51  -517
1460  -53  -520
1496  -55  -522
1504  -56  -524
1504  -58  -527
1512  -60  -528
1508  -61  -530
1516  -63  -531
1512  -64  -533
1516  -66  -534
1504  -67  -534
1520  -68  -535
1508  -69  -535
1516  -70  -535
1508  -71  -535
1512  -71  -535
1508  -72  -534
1508  -72  -534
1508  -71  -534
1520  -71  -533
1504  -71  -532
1524  -70  -530
1512  -70  -528
1512  -69  -527
1520  -68  -525
1512  -67  -522
1516  -65  -520
1516  -64  -518
1520  -62  -515
1504  -61  -512
1516  -59  -508
1500  -57  -505
1504  -55  -502
1500  -53  -498
1456  -51  -494
1468  -49  -491
1468  -47  -487
1444  -45  -484
1500  -43  -480
1504  -40  -477
1504  -38  -474
1516  -36  -471
1512  -34  -468
1512  -32  -464
1512  -30  -460
1516  -29  -456
1508  -28  -452
1516  -27  -447
1508  -26  -443
1516  -25  -439
1504  -23  -435
1520  -22  -431
1512  -21  -427
1516  -20  -423
1504  -19  -419
1504  -19  -415
1516  -18  -412
1504  -18  -408
1516  -17  -405
1512  -16  -402
1520  -15  -400
1512  -14  -398
1524  -13  -396
1508  -13  -394
1512  -12  -392
1504  -12  -391
1512  -11  -389
1500  -11  -388
1516  -10  -386
1500  -10  -385
1508  -10  -384
1508  -10  -383
1508  -9  -382
1444  -9  -381
1436  -9  -380
1444  -10  -379
1496  -10  -378
1512  -10  -377
1512  -11  -376
1520  -11  -375
1508  -11  -375
1520  -12  -374
1504  -12  -374
1508  -13  -374
1508  -14  -374
1504  -14  -374
1504  -15  -374
1504  -16  -374
1516  -17  -375
1500  -18  -375
1516  -19  -376
1508  -20  -377
1516  -20  -378
1504  -21  -378
1516  -22  -379
1508  -23  -380
1512  -24  -381
1512  -25  -382
1508  -27  -383
1504  -28  -384
1508  -30  -385
1496  -31  -387
1508  -32  -388
1500  -34  -390
1496  -35  -391
1448  -36  -393
1472  -38  -395
1476  -40  -396
1456  -41  -397
1500  -43  -398
1496  -44  -399
1500  -46  -400
1504  -48  -401
1512  -49  -402
1496  -50  -402
1508  -51  -403
1512  -52  -403
1500  -53  -403
1520  -55  -402
1504  -56  -402
1508  -56  -401
1512  -57  -400
1516  -58  -399
1508  -59  -397
1516  -59  -396
1504  -59  -394
1516  -59  -392
1508  -59  -391
1512  -59  -389
1508  -59  -387
1516  -58  -384
1508  -57  -382
1512  -57  -379
1512  -56  -376
1512  -55  -372
1520  -54  -369
1512  -53  -365
1520  -52  -361
1508  -50  -357
1516  -49  -353
1512  -47  -349
1520  -46  -344
1508  -44  -339
1516  -42  -334
1500  -40  -330
1508  -38  -325
1504  -36  -320
1452  -34  -315
1476  -32  -311
1448  -30  -306
1476  -28  -301
1444  -26  -296
1512  -24  -291
1496  -23  -286
1504  -21  -281
1500  -19  -276
1512  -17  -271
1504  -16  -266
1520  -14  -261
1508  -13  -256
1512  -12  -251
1500  -11  -246
1508  -10  -242
1496  -10  -237
1500  -9  -233
1448  -8  -229
1440  -7  -226
1448  -6  -222
1432  -5  -219
1440  -5  -216
1448  -4  -212
1432  -4  -209
1448  -4  -206
1444  -3  -204
1444  -3  -201
1432  -3  -199
1440  -3  -197
1444  -2  -195
1440  -2  -194
1444  -3  -192
1440  -3  -190
1440  -3  -189
1444  -3  -187
1436  -4  -186
1444  -4  -185
1432  -5  -184
1440  -5  -183
1444  -6  -182
1436  -7  -181
1436  -7  -181
1428  -8  -180
1424  -9  -180
1432  -10  -180
1484  -11  -180
1492  -13  -180
1484  -14  -180
1440  -15  -180
1464  -17  -180
1444  -18  -180
1452  -20  -180
1496  -22  -180
1500  -24  -180
1488  -25  -180
1504  -27  -179
1496  -28  -179
1512  -30  -179
1504  -31  -178
1508  -32  -178
1512  -33  -177
1516  -35  -176
1508  -36  -175
1500  -36  -174
1516  -37  -172
1508  -38  -170
1512  -38  -169
1508  -39  -167
1512  -39  -165
1504  -39  -162
1516  -39  -160
1508  -38  -157
1516  -38  -154
1504  -38  -150
1516  -37  -146
1512  -36  -142
1508  -36  -138
1512  -35  -133
1512  -33  -128
1508  -32  -123
1520  -30  -118
1504  -29  -113
1504  -27  -107
1512  -26  -101
1504  -24  -95
1448  -22  -89
1440  -20  -82
1440  -18  -76
1436  -16  -70
1432  -14  -64
1432  -11  -57
1424  -9  -51
1328  -6  -45
1340  -4  -40
1320  -2  -34
1300  0  -28
1344  3  -22
1332  5  -16
1336  7  -10
1352  9  -5
1280  11  1
1320  13  6
1316  15  12
1400  17  18
1388  19  25
1396  20  31
1396  22  37
1384  23  43
1392  24  49
1388  26  55
1380  27  61
1400  29  66
1392  30  71
1388  31  76
1404  33  81
1396  34  86
1380  35  90
1396  36  95
1384  37  99
1392  38  103
1444  39  107
1456  40  111
1456  41  115
1456  42  119
1460  43  122
1448  43  126
1464  44  129
1456  45  133
1448  45  136
1460  45  139
1456  46  142
1460  46  145
1448  46  148
1456  47  150
1460  47  153
1456  47  155
1456  47  157
1448  47  158
1460  47  160
1448  47  161
1448  47  163
1460  47  164
1444  47  165
1464  46  166
1452  46  167
1464  45  168
1452  45  169
1444  44  169
1456  44  170
1452  43  170
1464  42  170
1456  41  170
1460  40  170
1460  39  170
1456  38  170
1468  37  169
1452  36  169
1472  35  168
1460  34  167
1460  33  166
1468  32  165
1456  30  164
1468  29  163
1460  28  161
1460  26  160
1448  25  158
1448  23  157
1460  22  155
1444  20  154
1400  18  152
1404  17  150
1412  15  148
1416  13  146
1448  11  145
1452  9  144
1388  7  142
1372  6  142
1400  4  141
1396  2  140
1364  0  139
1404  -1  138
1416  -2  137
1408  -4  137
1412  -5  137
1416  -6  136
1412  -7  136
1416  -8  137
1412  -9  137
1412  -9  137
1412  -10  137
1484  -10  138
1476  -10  138
1484  -9  139
1424  -9  141
1412  -9  142
1424  -9  145
1412  -9  147
1412  -8  150
1424  -8  153
1412  -8  156
1424  -7  159
1416  -6  163
1416  -5  166
1420  -4  170
1412  -3  175
1412  -2  179
1408  0  184
1396  1  188
1396  3  193
1392  4  198
1380  6  203
1404  8  207
1380  11  213
1440  13  218
1452  15  223
1448  18  229
1396  20  234
1412  23  240
1412  25  245
1456  28  250
1444  30  256
1460  33  261
1456  35  267
1456  38  272
1468  40  277
1464  43  282
1472  46  286
1452  48  290
1468  51  294
1460  53  298
1464  55  303
1464  57  308
1456  58  313
1460  59  318
1456  60  324
1464  61  329
1456  62  333
1460  63  337
1464  65  341
1456  66  344
1464  68  347
1456  69  350
1464  71  354
1448  71  357
1456  72  361
1460  73  364
1448  74  367
1456  75  370
1452  76  372
1444  77  374
1452  78  376
1444  79  378
1452  80  380
1448  81  383
1448  81  385
1440  81  388
1448  82  390
1448  82  392
1452  83  393
1448  83  395
1452  84  396
1448  85  397
1456  85  398
1448  86  399
1456  86  400
1444  86  401
1448  86  401
1452  87  402
1444  87  403
1448  87  403
1440  87  403
1456  88  404
1440  88  404
1436  88  404
1456  88  404
1440  88  404
1448  88  404
1440  88  404
1436  88  404
1456  88  404
1444  87  404
1452  87  403
1440  87  403
1456  87  402
1444  87  401
1452  87  400
1448  87  399
1452  86  398
1456  86  397
1448  86  396
1448  86  395
1456  85  394
1448  85  392
1456  85  391
1452  84  389
1448  84  388
1448  84  386
1448  83  384
1456  83  382
1448  82  381
1452  82  379
1448  81  377
1448  81  374
1452  80  372
1448  80  370
1452  79  368
1440  79  365
1460  78  362
1448  77  360
1440  77  357
1456  76  354
1452  75  352
1452  75  349
1448  74  346
1452  73  343
1464  72  340
1448  71  336
1460  70  333
1460  69  329
1460  68  326
1456  67  322
1460  66  318
1464  65  315
1456  64  311
1472  63  306
1460  62  302
1464  61  298
1460  60  294
1456  58  289
1468  57  285
1460  56  280
1460  54  275
1460  53  270
1476  51  266
1464  49  261
1460  48  256
1464  46  250
1456  45  245
1464  43  240
1456  41  234
1472  40  229
1452  38  223
1456  36  217
1456  34  211
1460  32  205
1460  30  199
1448  28  193
1456  26  186
1448  24  180
1444  22  174
1448  20  167
1404  17  161
1404  15  155
1408  12  149
1448  10  144
1456  7  139
1392  3  135
1372  0  131
1404  -3  127
1408  -6  123
1420  -9  119
1416  -12  115
1472  -14  110
1496  -15  105
1484  -16  100
1480  -17  95
1420  -18  90
1408  -19  86
1420  -20  83
1404  -20  80
1420  -21  77
1408  -22  75
1412  -22  72
1416  -22  70
1408  -22  67
1416  -22  65
1408  -21  64
1412  -21  63
1408  -21  62
1420  -20  62
1408  -20  63
1420  -19  63
1420  -19  64
1428  -18  65
1412  -16  65
1412  -15  66
1420  -13  67
1416  -12  68
1416  -10  69
1420  -8  71
1348  -7  73
1348  -5  75
1352  -3  77
1340  -1  78
1332  1  80
1320  4  82
1264  6  84
1280  9  86
1268  11  88
1372  13  90
1376  16  92
1384  18  94
1400  20  96
1392  22  98
1392  24  100
1448  26  102
1448  29  104
1460  30  105
1456  32  107
1464  34  108
1460  36  109
1460  38  110
1456  40  111
1452  42  113
1456  43  113
1456  44  115
1456  45  116
1452  46  117
1448  47  118
1456  47  119
1444  48  119
1448  49  119
1440  50  119
1444  52  119
1444  53  118
1428  53  118
1452  54  118
1432  54  118
1456  55  117
1436  55  117
1448  56  116
1444  56  116
1444  56  114
1448  57  113
1444  57  112
1448  58  111
1452  58  109
1440  58  108
1456  58  106
1440  58  105
1444  58  103
1452  58  101
1448  58  99
1384  58  97
1380  58  94
1376  58  92
1392  58  90
1372  58  88
1376  58  85
1400  57  83
1376  57  81
1380  57  78
1400  56  75
1376  56  73
1388  56  70
1388  55  67
1368  55  63
1396  54  60
1368  54  57
1384  53  54
1384  53  51
1388  52  48
1376  51  44
1384  51  41
1380  50  37
1380  49  34
1384  49  30
1380  48  27
1376  47  23
1396  46  19
1372  45  16
1376  44  12
1380  44  8
1320  43  4
1292  42  0
1316  41  -3
1328  40  -7
1336  39  -11
1404  38  -16
1404  37  -20
1404  36  -24
1412  34  -29
1412  33  -33
1404  32  -38
1416  31  -42
1404  30  -47
1408  29  -51
1412  28  -56
1404  27  -61
1420  25  -66
1412  24  -71
1420  23  -75
1408  22  -80
1408  20  -85
1416  19  -90
1408  18  -96
1404  17  -101
1484  15  -106
1484  14  -112
1492  13  -118
1480  11  -124
1488  10  -130
1480  8  -135
1424  7  -141
1416  6  -147
1412  4  -153
1420  3  -159
1416  1  -165
1388  0  -171
1428  -2  -177
1428  -4  -183
1440  -5  -190
1436  -7  -196
1432  -9  -202
1432  -11  -209
1488  -13  -216
1500  -15  -223
1492  -16  -230
1500  -18  -237
1488  -20  -244
1436  -22  -251
1476  -24  -258
1468  -27  -265
1452  -29  -271
1500  -31  -278
1500  -33  -284
1500  -36  -290
1516  -39  -295
1504  -41  -300
1516  -44  -306
1508  -46  -311
1520  -48  -316
1512  -49  -321
1504  -51  -326
1516  -52  -330
1508  -53  -335
1516  -54  -339
1512  -55  -343
1516  -56  -347
1508  -56  -351
1512  -56  -354
1508  -56  -357
1512  -56  -360
1508  -56  -363
1512  -56  -365
1508  -55  -367
1508  -55  -369
1512  -54  -371
1520  -53  -372
1512  -52  -373
1516  -51  -374
1504  -49  -374
1512  -48  -374
1500  -46  -374
1496  -44  -374
1500  -42  -374
1444  -40  -374
1468  -38  -374
1468  -36  -374
1444  -34  -374
1504  -32  -373
1500  -30  -373
1500  -28  -373
1500  -26  -373
1516  -24  -373
1500  -22  -373
1512  -20  -373
1512  -19  -372
1508  -17  -372
1512  -16  -371
1512  -15  -371
1508  -13  -370
1516  -12  -370
1516  -11  -369
1512  -10  -368
1496  -9  -368
1456  -8  -367
1428  -8  -367
1436  -7  -367
1444  -7  -366
1432  -6  -366
1444  -5  -366
1436  -5  -367
1436  -4  -367
1444  -4  -368
1440  -3  -369
1440  -2  -370
1436  -2  -371
1436  -1  -372
1428  0  -374
1388  0  -375
1424  1  -376
1408  2  -378
1404  2  -379
1408  3  -380
1400  3  -381
1396  3  -382
1412  4  -383
1400  4  -385
1404  4  -386
1400  4  -387
1404  5  -389
1412  5  -390
1404  5  -391
1400  5  -393
1416  6  -394
1404  6  -395
1412  6  -397
1404  6  -399
1404  6  -400
1412  6  -402
1404  7  -404
1404  7  -406
1412  7  -408
1404  7  -410
1408  7  -411
1408  7  -413
1404  7  -415
1408  7  -417
1408  7  -419
1404  7  -421
1408  7  -423
1408  7  -425
1412  7  -427
1408  7  -429
1404  7  -431
1416  7  -434
1404  7  -436
1404  7  -438
1412  7  -441
1408  7  -443
1416  7  -446
1404  7  -449
1404  7  -452
1412  7  -455
1404  7  -458
1400  7  -460
1412  7  -463
1408  6  -466
1404  6  -469
1400  6  -472
1400  6  -475
1408  6  -477
1404  5  -480
1396  5  -483
1404  5  -486
1408  4  -488
1400  4  -491
1408  4  -494
1408  3  -496
1416  3  -499
1412  2  -502
1412  1  -505
1416  1  -508
1396  0  -511
1388  0  -514
1424  -1  -517
1428  -1  -521
1440  -1  -524
1436  -2  -528
1432  -3  -531
1440  -3  -535
1432  -4  -539
1440  -4  -543
1432  -4  -547
1432  -5  -551
1440  -6  -555
1428  -6  -559
1444  -7  -563
1432  -8  -567
1436  -8  -571
1436  -9  -575
1432  -10  -579
1500  -11  -583
1496  -12  -588
1504  -13  -592
1496  -14  -596
1504  -15  -600
1496  -17  -605
1500  -18  -609
1492  -19  -614
1492  -20  -618
1504  -21  -623
1496  -23  -627
1504  -24  -632
1496  -25  -637
1504  -26  -642
1500  -28  -647
1508  -29  -652
1500  -31  -658
1508  -32  -663
1508  -34  -668
1508  -35  -673
1504  -37  -678
1512  -38  -684
1500  -40  -689
1504  -42  -695
1516  -44  -700
1508  -45  -706
1520  -47  -712
1508  -49  -718
1512  -51  -723
1508  -53  -729
1512  -55  -735
1512  -57  -741
1508  -59  -748
1508  -61  -754
1520  -63  -760
1504  -65  -766
1508  -67  -773
1504  -69  -779
1512  -71  -785
1496  -73  -791
1444  -76  -797
1480  -78  -803
1464  -81  -809
1500  -84  -814
1496  -86  -819
1504  -88  -824
1500  -91  -828
1520  -94  -833
1508  -97  -837
1512  -99  -841
1516  -101  -846
1572  -103  -850
1580  -105  -853
1584  -107  -856
1580  -109  -859
1588  -110  -862
1572  -112  -865
1576  -112  -867
1572  -113  -869
1584  -114  -871
1576  -114  -873
1568  -114  -875
1580  -114  -876
1572  -113  -877
1572  -113  -877
1576  -112  -877
1580  -112  -877
1576  -111  -877
1588  -109  -876
1580  -108  -875
1584  -106  -874
1584  -104  -872
1588  -103  -869
1584  -101  -867
1580  -99  -864
1524  -97  -860
1504  -95  -857
1520  -93  -854
1500  -90  -851
1496  -87  -847
1472  -85  -844
1464  -82  -841
1464  -80  -837
1496  -77  -834
1504  -75  -830
1504  -72  -827
1520  -69  -823
1508  -67  -820
1520  -65  -817
1512  -63  -814
1512  -61  -810
1508  -59  -807
1516  -57  -803
1508  -56  -800
1512  -54  -797
1516  -52  -794
1504  -51  -791
1516  -49  -788
1504  -48  -785
1516  -47  -782
1508  -46  -779
1512  -45  -776
1512  -44  -773
1508  -44  -770
1508  -43  -768
1516  -42  -766
1500  -42  -763
1512  -41  -762
1504  -40  -760
1504  -40  -758
1504  -39  -757
1508  -39  -755
1500  -39  -754
1504  -38  -753
1504  -38  -752
1492  -37  -752
1500  -37  -751
1488  -37  -751
1500  -37  -750
1488  -37  -750
1508  -37  -749
1496  -38  -749
1500  -38  -749
1488  -38  -749
1504  -39  -749
1496  -39  -749
1500  -40  -749
1504  -40  -749
1504  -41  -750
1508  -42  -750
1504  -42  -751
1504  -43  -751
1508  -44  -752
1512  -44  -753
1512  -45  -754
1508  -46  -756
1504  -46  -757
1512  -47  -758
1504  -48  -759
1520  -49  -760
1512  -50  -761
1520  -51  -763
1508  -52  -764
1516  -54  -765
1512  -55  -767
1504  -56  -768
1516  -57  -770
1512  -58  -771
1516  -60  -773
1512  -61  -774
1508  -63  -776
1516  -64  -778
1508  -66  -780
1512  -67  -782
1508  -68  -785
1500  -70  -787
1512  -71  -790
1500  -72  -792
1504  -74  -795
1448  -76  -798
1460  -77  -800
1484  -79  -802
1452  -81  -804
1472  -82  -806
1500  -84  -808
1508  -86  -809
1504  -88  -810
1508  -90  -811
1516  -92  -812
1504  -94  -812
1500  -96  -812
1516  -97  -812
1508  -99  -811
1512  -100  -811
1568  -102  -810
1588  -103  -809
1584  -104  -808
1588  -105  -807
1580  -105  -806
1576  -106  -805
1568  -106  -804
1576  -106  -802
1572  -106  -801
1572  -106  -800
1568  -106  -798
1584  -105  -796
1588  -104  -794
1580  -104  -792
1592  -103  -789
1584  -102  -786
1584  -100  -783
1580  -99  -779
1528  -98  -776
1508  -97  -771
1516  -95  -767
1504  -94  -762
1520  -92  -757
1516  -91  -752
1520  -89  -746
1508  -88  -740
1512  -86  -734
1508  -85  -728
1520  -83  -721
1508  -81  -715
1508  -79  -708
1516  -77  -701
1504  -75  -695
1504  -73  -688
1500  -71  -682
1468  -69  -675
1464  -67  -669
1476  -64  -662
1452  -62  -656
1500  -60  -650
1500  -58  -644
1512  -55  -638
1500  -53  -633
1504  -51  -627
1520  -49  -622
1504  -47  -616
1516  -46  -611
1504  -45  -605
1520  -44  -599
1512  -43  -594
1516  -42  -588
1508  -41  -583
1516  -40  -578
1512  -39  -573
1516  -38  -567
1512  -38  -562
1516  -38  -557
1504  -38  -551
1508  -38  -546
1512  -38  -541
1508  -38  -535
1508  -38  -530
1500  -38  -526
1512  -39  -521
1508  -39  -517
1512  -39  -513
1508  -39  -509
1504  -39  -506
1500  -39  -503
1508  -39  -501
1500  -39  -498
1512  -38  -496
1500  -39  -493
1512  -40  -490
1496  -41  -487
1508  -42  -484
1500  -43  -482
1500  -44  -480
1448  -45  -478
1448  -45  -476
1484  -46  -474
1468  -47  -472
1472  -48  -470
1452  -49  -467
1508  -51  -464
1500  -53  -460
1508  -55  -456
1512  -57  -451
1508  -59  -446
1512  -62  -441
1508  -64  -435
1520  -65  -430
1516  -66  -425
1516  -66  -421
1508  -66  -416
1520  -66  -412
