5428  0  0
1184  -1  1
1220  -1  1
1232  -1  1
1232  -1  1
1228  -1  1
1224  -1  1
1232  -1  1
1224  -1  1
1236  -1  1
1224  -1  1
1228  -1  1
1228  -1  1
1224  -1  1
1236  -1  1
1216  0  1
1192  0  1
1196  0  1
1184  0  1
1192  0  1
1204  0  1
1184  0  1
1192  0  1
1192  0  1
1192  0  1
1188  0  1
1200  0  1
1192  0  1
1192  0  1
1192  0  1
1192  0  1
1188  0  1
1200  0  1
1196  0  1
1184  0  1
1196  0  1
1188  0  1
1192  0  1
1200  0  1
1188  0  1
1192  0  1
1192  0  1
1192  0  1
1192  0  1
1200  0  1
1188  0  1
1196  0  1
1184  0  1
1192  0  1
1192  0  1
1192  0  1
1200  0  1
1188  0  1
1192  0  1
1188  0  1
1196  0  1
1192  0  1
1196  0  1
1192  0  1
1196  0  1
1184  0  1
1192  0  1
1192  0  1
1200  0  1
1192  0  1
1188  0  1
1192  0  1
1188  0  1
1220  1  1
1220  1  1
1216  1  1
1212  1  1
1212  1  1
1212  1  1
1220  1  1
1208  1  1
1216  1  1
1212  1  1
1212  1  1
1220  1  1
1212  1  1
1208  1  1
1216  1  1
1212  1  1
1212  1  1
1220  1  1
1212  1  1
1212  1  1
1212  1  1
1212  1  1
1220  1  1
1212  1  1
1212  1  1
1216  1  1
1208  1  1
1216  1  1
1216  1  1
1212  1  1
1212  1  1
1216  1  1
1208  1  1
1220  1  1
1216  1  1
1208  1  1
1216  1  1
1212  1  1
1220  1  1
1208  1  1
1216  1  1
1208  1  1
1216  1  1
1212  1  1
1220  1  1
1208  1  1
1216  1  1
1208  1  1
1216  1  1
1220  1  1
1212  1  1
1212  1  1
1200  2  1
1200  2  1
1196  2  1
1192  2  0
1184  2  0
1180  2  0
1184  2  0
1180  2  0
1184  2  0
1192  2  0
1180  2  0
1184  2  0
1180  2  0
1184  2  0
1184  2  0
1184  2  0
1188  2  0
1184  2  0
1180  2  0
1188  2  0
1192  2  -1
1220  2  -1
1236  1  -1
1228  1  -1
1228  1  -1
1224  1  -1
1224  1  -1
1236  1  -1
1224  1  -1
1228  1  -1
1224  1  -1
1228  1  -1
1232  1  -1
1224  1  -1
1228  1  -1
1228  1  -1
1224  1  -1
1232  1  -1
1228  1  -1
1224  1  -1
1228  1  -1
1224  1  -1
1236  1  -1
1224  1  -1
1224  1  -1
1224  1  -1
1232  1  -1
1228  1  -1
1228  1  -1
1228  1  -1
1220  2  -1
1220  2  -1
1232  2  -1
1220  2  -1
1220  2  -1
1220  2  -1
1220  2  -1
1228  2  -1
1220  2  -1
1220  2  -1
1220  2  -1
1220  2  -1
1232  2  -1
1220  2  -1
1220  2  -1
1220  2  -1
1220  2  -1
1220  2  -1
1228  2  -1
1220  2  -2
1220  2  -2
1216  2  -2
1220  2  -2
1224  2  -2
1220  2  -2
1220  2  -2
1216  2  -2
1220  2  -2
1224  2  -2
1220  2  -2
1220  2  -2
1216  2  -3
1216  2  -3
1224  2  -3
1220  2  -3
1216  2  -3
1212  2  -3
1220  2  -3
1224  2  -3
1228  2  -4
1224  1  -4
1224  1  -4
1224  1  -4
1224  1  -4
1232  1  -4
1224  1  -4
1224  1  -4
1224  1  -4
1224  1  -4
1232  1  -4
1228  1  -5
1220  1  -5
1224  1  -5
1228  1  -5
1228  1  -5
1224  1  -5
1228  1  -5
1224  1  -5
1224  1  -5
1232  1  -5
1224  1  -5
1224  1  -5
1220  1  -6
1216  1  -6
1228  1  -6
1216  1  -6
1220  1  -6
1220  1  -6
1220  1  -6
1224  1  -6
1220  1  -6
1216  1  -6
1220  1  -6
1220  1  -6
1224  1  -6
1220  1  -6
1216  1  -6
1220  1  -6
1220  1  -6
1220  1  -6
1224  0  -6
1224  0  -6
1224  0  -6
1220  0  -6
1220  0  -6
1228  0  -6
1220  0  -6
1220  0  -6
1224  0  -6
1220  0  -6
1228  0  -6
1224  0  -6
1220  0  -6
1220  0  -6
1220  0  -6
1228  0  -6
1220  0  -6
1224  0  -6
1224  0  -6
1220  0  -6
1228  0  -6
1220  0  -6
1220  0  -6
1220  0  -6
1224  0  -6
1248  -1  -6
1252  -1  -6
1260  -1  -6
1264  -1  -6
1264  -1  -6
1268  -1  -6
1260  -1  -6
1260  -1  -6
1264  -1  -6
1272  -1  -6
1260  -1  -6
1260  -1  -6
1264  -1  -6
1268  -1  -6
1264  -1  -6
1260  -1  -6
1248  -2  -6
1252  -2  -5
1252  -2  -5
1248  -2  -5
1248  -2  -5
1244  -2  -5
1256  -2  -5
1244  -3  -5
1252  -3  -5
1244  -3  -5
1248  -3  -4
1252  -3  -4
1244  -3  -4
1248  -3  -3
1240  -3  -3
1248  -3  -3
1244  -3  -2
1248  -3  -2
1240  -3  -2
1248  -3  -1
1252  -3  -1
1244  -3  -1
1244  -3  -1
1228  -3  0
1204  -3  0
1240  -2  1
1220  -2  1
1224  -2  2
1216  -2  2
1220  -2  3
1224  -2  3
1228  -1  4
1228  -1  4
1228  -1  5
1224  -1  5
1228  -1  6
1224  0  6
1204  0  7
1196  0  7
1184  0  8
1192  0  8
1208  0  9
1212  1  9
1212  1  10
1276  1  10
1288  1  11
1276  1  11
1272  1  12
1264  1  12
1264  1  13
1280  1  14
1276  1  14
1272  1  14
1280  1  15
1280  1  15
1280  1  16
1276  1  16
1276  1  16
1288  1  17
1276  1  17
1276  1  17
1276  1  18
1284  1  18
1272  1  18
1276  1  18
1280  1  19
1284  1  19
1280  1  19
1276  1  19
1276  1  19
1264  0  19
1248  0  20
1256  0  20
1240  0  20
1268  0  21
1260  -1  21
1280  -1  21
1288  -1  22
1292  -1  22
1288  -1  22
1284  -1  22
1328  -2  23
1336  -2  23
1332  -2  23
1328  -2  24
1336  -2  24
1332  -2  25
1336  -2  26
1332  -2  26
1336  -2  27
1324  -2  27
1328  -2  28
1336  -2  28
1332  -2  29
1332  -2  30
1336  -2  30
1332  -2  31
1332  -1  32
1336  -1  33
1340  -1  34
1340  -1  35
1332  -1  36
1320  0  37
1300  0  38
1292  0  39
1268  1  40
1268  1  41
1264  2  42
1268  2  43
1264  2  44
1280  3  45
1264  3  46
1280  4  47
1280  4  48
1284  4  49
1280  4  50
1296  5  51
1272  5  52
1284  6  53
1276  6  54
1272  6  55
1280  6  56
1280  6  57
1272  7  58
1276  7  59
1268  7  60
1276  7  60
1268  8  61
1272  8  62
1264  8  62
1276  8  63
1264  8  63
1268  8  64
1268  8  65
1268  8  65
1268  9  66
1264  9  66
1260  9  66
1260  9  66
1268  9  66
1260  9  66
1264  9  66
1264  9  66
1264  9  66
1268  8  66
1264  8  66
1264  8  66
1284  7  66
1268  7  66
1280  6  66
1276  6  66
1280  6  66
1264  5  66
1264  5  66
1264  5  66
1268  4  66
1260  4  66
1300  3  66
1300  3  66
1312  3  66
1308  2  66
1304  2  66
1308  2  66
1312  2  66
1312  2  66
1304  2  66
1316  2  66
1304  2  66
1312  2  66
1304  2  66
1316  2  66
1304  2  66
1316  2  67
1308  2  67
1316  2  67
1308  2  68
1300  2  68
1316  2  69
1300  2  69
1308  2  70
1308  3  71
1304  3  71
1312  3  72
1304  3  73
1260  4  73
1312  4  74
1304  4  75
1300  4  75
1272  5  76
1264  5  77
1264  5  78
1260  5  78
1272  6  79
1272  6  79
1268  6  80
1276  7  81
1276  7  81
1276  7  82
1284  8  82
1264  8  83
1272  8  84
1268  8  84
1280  9  85
1280  9  86
1272  9  86
1292  9  87
1276  9  87
1276  9  88
1272  9  89
1280  10  89
1332  10  89
1340  10  90
1340  10  90
1336  10  90
1336  10  90
1348  10  91
1340  10  91
1336  10  91
1356  9  91
1300  9  91
1284  9  91
1284  9  91
1284  9  91
1292  9  91
1284  9  91
1284  9  91
1276  8  91
1280  8  91
1272  8  91
1264  7  91
1264  7  91
1272  7  91
1264  7  91
1260  6  91
1256  6  91
1268  6  91
1256  6  91
1260  6  91
1304  5  91
1312  5  91
1300  5  91
1300  5  91
1300  5  91
1312  4  91
1300  4  91
1300  4  91
1316  4  92
1300  4  92
1304  4  92
1312  4  93
1316  4  93
1304  4  93
1308  4  94
1304  4  94
1320  4  95
1308  4  95
1308  4  96
1316  5  96
1308  5  97
1304  5  98
1300  5  98
1312  5  99
1308  5  100
1360  5  100
1384  6  101
1372  6  102
1372  6  103
1380  6  104
1372  7  105
1368  7  106
1376  7  107
1336  8  108
1328  8  109
1336  8  110
1340  9  111
1328  9  112
1348  10  113
1400  10  114
1408  10  115
1416  11  115
1420  11  116
1416  12  117
1412  12  118
1400  12  119
1416  13  119
1412  13  120
1404  13  121
1416  13  122
1412  13  123
1412  13  123
1412  14  124
1408  14  125
1408  14  125
1396  14  126
1396  14  126
1404  14  126
1400  14  127
1396  14  127
1400  14  127
1396  14  127
1424  13  128
1404  13  128
1404  13  128
1416  13  128
1404  13  128
1416  12  128
1420  12  128
1412  12  128
1408  11  128
1396  11  128
1396  11  128
1408  10  128
1392  10  128
1440  9  128
1372  9  128
1368  9  128
1372  8  128
1372  8  128
1368  8  128
1368  8  128
1376  8  128
1368  8  128
1368  8  128
1380  7  128
1376  7  128
1384  7  129
1372  7  129
1372  7  129
1392  7  130
1372  7  130
1376  7  131
1376  8  131
1376  8  132
1376  8  133
1380  8  133
1376  9  134
1372  9  135
1376  10  135
1440  10  136
1440  10  137
1400  11  138
1400  11  139
1404  11  140
1400  12  140
1404  12  141
1416  13  142
1408  13  143
1400  13  143
1408  14  144
1412  14  145
1424  15  146
1408  15  147
1412  15  147
1416  16  148
1408  16  149
1412  16  150
1408  16  150
1412  16  151
1404  17  151
1400  17  152
1396  17  152
1404  17  152
1404  17  153
1396  17  153
1404  17  153
1400  17  153
1404  17  153
1396  17  153
1400  17  153
1404  17  153
1400  17  153
1396  17  153
1420  16  153
1408  16  153
1416  16  153
1412  15  153
1408  15  153
1416  15  153
1416  14  152
1408  14  152
1416  14  152
1404  14  152
1416  13  151
1400  13  151
1400  13  151
1404  13  151
1404  12  150
1392  12  150
1400  12  150
1392  12  150
1392  12  150
1452  11  150
1428  11  150
1440  11  150
1440  11  150
1432  11  150
1448  11  150
1436  11  151
1444  11  151
1432  11  151
1444  11  151
1436  11  152
1388  12  152
1400  12  152
1396  12  153
1396  12  153
1400  12  153
1400  13  154
1396  13  154
1404  13  155
1396  13  155
1400  13  155
1404  13  156
1404  14  157
1404  14  157
1400  14  158
1396  14  158
1416  14  159
1408  15  159
1420  15  159
1412  15  160
1404  15  160
1416  15  160
1416  15  161
1408  16  161
1412  16  161
1424  16  162
1424  16  162
1420  16  162
1420  16  162
1424  16  162
1420  16  162
1432  16  163
1416  16  163
1420  16  163
1412  15  163
1400  15  163
1400  15  163
1412  15  163
1400  15  163
1408  15  163
1396  14  163
1396  14  163
1400  14  163
1388  14  163
1392  14  163
1404  13  163
1392  13  163
1388  13  163
1400  13  163
1388  13  163
1396  13  163
1392  13  163
1392  13  163
1396  13  163
1392  13  163
1388  13  163
1400  13  163
1392  13  163
1388  13  163
1408  13  164
1388  13  164
1400  13  164
1392  13  164
1436  13  165
1440  13  165
1432  13  165
1440  13  166
1452  13  166
1428  13  167
1440  13  167
1444  13  168
1392  14  168
1408  14  169
1392  14  169
1404  14  170
1392  14  170
1404  15  170
1408  15  171
1400  15  171
1416  16  171
1420  16  172
1404  16  172
1416  16  172
1424  17  173
1416  17  173
1424  17  173
1412  17  174
1404  17  174
1412  17  174
1400  17  175
1400  17  175
1392  17  175
1416  17  176
1412  17  176
1408  17  176
1404  17  176
1416  17  176
1408  17  176
1416  17  176
1408  17  176
1404  17  176
1416  17  176
1404  16  176
1400  16  176
1408  16  176
1400  16  176
1408  16  176
1400  15  176
1400  15  176
1400  15  176
1400  15  176
1392  15  176
1408  15  176
1392  15  176
1404  15  176
1396  15  176
1396  15  176
1404  15  176
1440  14  176
1428  14  176
1444  14  176
1424  14  176
1440  14  176
1440  14  176
1440  14  177
1440  14  177
1392  15  177
1404  15  178
1396  15  178
1392  15  178
1404  15  178
1396  15  179
1396  15  179
1400  15  179
1392  15  179
1416  16  180
1396  16  180
1408  16  181
1408  16  181
1400  16  181
1416  17  181
1416  17  181
1412  17  181
1420  17  182
1412  17  182
1404  17  182
1416  17  182
1408  17  183
1404  17  183
1412  17  183
1400  17  183
1412  17  183
1404  17  183
1404  17  184
1408  17  184
1404  17  184
1400  17  184
1404  17  184
1400  17  184
1400  17  184
1408  17  184
1400  17  184
1412  17  184
1400  17  184
1396  16  184
1400  16  184
1392  16  184
1396  16  184
1400  16  184
1392  16  184
1404  16  184
1388  16  184
1396  16  184
1400  16  184
1396  16  184
1392  16  184
1400  16  184
1392  16  184
1396  16  184
1400  16  184
1396  16  184
1400  16  184
1392  16  184
1392  16  184
1400  16  184
1396  16  184
1392  16  184
1400  16  184
1392  16  184
1396  16  184
1404  16  185
1392  16  185
1400  16  185
1392  16  185
1392  16  185
1400  16  185
1392  16  185
1400  16  186
1408  16  186
1400  16  186
1396  16  186
1404  16  186
1400  16  186
1404  16  186
1400  16  187
1396  16  187
1404  16  187
1396  16  187
1396  16  187
1404  16  187
1408  17  188
1400  17  188
1404  17  188
1400  17  188
1408  17  188
1400  17  188
1396  17  188
1408  17  188
1400  17  188
1408  17  189
1412  17  189
1404  17  189
1412  17  189
1404  17  189
1404  17  189
1412  17  189
1404  17  189
1404  17  189
1412  17  189
1404  17  189
1416  17  189
1404  17  189
1404  17  189
1412  17  189
1404  17  189
1404  17  189
1412  17  189
1404  17  189
1412  17  189
1404  17  189
1404  17  189
1412  17  189
1404  17  189
1404  17  189
1416  17  189
1404  17  189
1408  17  189
1408  17  189
1404  17  189
1408  17  189
1408  17  189
1404  17  189
1412  17  189
1404  17  189
1412  17  189
1404  17  189
1404  17  189
1412  17  189
1408  17  189
1404  17  189
1408  17  189
1408  17  189
1408  17  189
1404  17  189
1408  17  189
1412  17  189
1404  17  189
1404  17  189
1412  17  189
1408  17  189
1408  17  189
1404  17  189
1408  17  189
1408  17  189
1404  17  189
1408  17  189
1412  17  189
1404  17  189
1412  17  189
1404  17  189
1404  17  189
1412  17  189
1404  17  189
1408  17  189
1408  17  189
1404  17  189
1416  17  189
1400  17  189
1404  17  189
1416  17  189
1404  17  189
1404  17  189
1412  17  189
1404  17  189
1412  17  189
1404  17  189
1404  17  189
1412  17  189
1404  17  189
1404  17  189
1416  17  189
1404  17  189
1420  18  189
1412  18  189
1408  18  189
1420  18  189
1412  18  189
1408  18  189
1420  18  189
1412  18  189
1420  18  189
1408  18  189
1416  18  189
1416  18  189
1412  18  189
1412  18  189
1416  18  189
1412  18  189
1416  18  189
1416  18  189
1412  18  189
1416  18  189
1412  18  189
1416  18  189
1416  18  189
1412  18  188
1416  18  188
1404  18  188
1412  18  188
1416  18  188
1408  18  188
1416  18  188
1404  18  188
1412  18  188
1412  18  188
1408  18  188
1408  18  188
1416  18  188
1408  18  188
1416  18  188
1408  18  188
1408  18  188
1416  18  188
1408  18  188
1408  18  188
1416  18  188
1408  18  188
1412  18  188
1420  18  187
1412  18  187
1420  18  187
1416  18  187
1420  18  187
1412  18  187
1408  19  187
1412  19  187
1404  19  187
1408  19  187
1408  19  187
1408  19  187
1408  19  187
1404  19  187
1408  19  187
1412  19  187
1408  19  187
1404  19  187
1420  19  186
1408  19  186
1416  19  186
1404  19  186
1412  19  186
1416  19  186
1404  19  186
1416  19  185
1412  19  185
1408  19  185
1412  19  185
1412  19  185
1412  19  184
1416  19  184
1408  19  184
1408  19  184
1420  19  183
1404  19  183
1412  19  183
1404  19  183
1412  19  182
1408  19  182
1404  19  182
1408  19  181
1404  19  181
1404  18  180
1404  18  180
1396  18  180
1412  18  179
1412  18  179
1408  18  179
1420  18  178
1420  17  178
1408  17  178
1424  17  177
1412  17  177
1416  17  176
1412  17  176
1400  17  175
1392  17  175
1404  17  175
1412  17  174
1408  17  174
1412  16  174
1408  16  173
1412  16  173
1408  16  172
1404  16  172
1416  16  172
1416  16  171
1416  16  171
1408  16  171
1416  16  170
1412  16  170
1408  16  170
1420  16  169
1408  16  169
1408  16  169
1412  15  169
1400  15  168
1400  15  168
1404  15  168
1396  15  168
1396  15  168
1404  15  168
1400  15  167
1408  15  167
1392  15  167
1396  15  167
1404  15  167
1412  16  167
1408  16  167
1420  16  167
1412  16  167
1416  16  167
1408  16  167
1412  16  166
1424  17  166
1408  17  166
1420  17  166
1412  17  166
1416  17  166
1416  17  166
1412  17  166
1412  17  166
1420  17  166
1408  17  166
1420  17  166
1412  17  166
1412  17  166
1420  17  166
1396  18  166
1396  18  166
1404  18  166
1404  18  165
1408  18  165
1404  18  164
1400  18  164
1408  18  164
1408  18  163
1396  18  163
1408  18  163
1400  18  162
1404  18  162
1400  18  162
1400  18  161
1400  18  161
1400  18  160
1392  18  160
1412  18  159
1408  17  159
1408  17  158
1404  17  158
1408  17  157
1420  16  157
1416  16  156
1416  16  155
1416  16  155
1412  16  154
1420  16  153
1412  15  153
1428  15  152
1424  15  151
1404  15  150
1408  14  150
1424  14  149
1408  14  149
1424  14  148
1412  13  147
1396  13  147
1412  13  146
1400  13  146
1412  13  145
1420  13  144
1396  12  144
1408  12  143
1392  12  143
1404  12  142
1400  12  142
1400  12  142
1404  12  141
1400  11  141
1396  11  141
1404  11  140
1392  11  140
1392  11  140
1400  11  140
1392  11  140
1396  11  140
1404  12  140
1400  12  140
1396  12  140
1408  12  140
1404  13  140
1412  13  140
1400  13  140
1404  13  140
1404  14  140
1396  14  140
1396  14  140
1416  15  140
1400  15  140
1412  15  140
1400  15  140
1396  16  140
1400  16  140
1396  16  140
1388  16  140
1400  16  140
1396  16  140
1392  16  140
1400  16  140
1388  16  140
1400  16  140
1400  16  139
1392  16  139
1400  16  139
1404  16  138
1396  16  138
1408  16  137
1396  16  137
1400  16  136
1404  16  136
1400  16  135
1400  16  135
1412  15  134
1404  15  133
1408  15  132
1396  15  132
1400  15  131
1412  14  131
1408  14  130
1420  14  129
1400  13  129
1412  13  128
1424  13  127
1408  13  126
1412  12  126
1420  12  125
1404  12  124
1416  12  123
1408  11  122
1416  11  121
1416  11  121
1416  11  120
1408  10  119
1416  10  118
1404  10  118
1408  9  117
1344  9  116
1324  9  116
1344  9  115
1332  9  115
1368  8  115
1332  8  114
1332  8  114
1328  8  114
1324  8  113
1336  8  113
1320  8  113
1324  8  113
1328  8  113
1332  8  112
1324  8  112
1324  8  112
1332  8  112
1328  9  112
1332  9  112
1336  9  112
1324  9  112
1336  10  112
1404  10  112
1404  10  112
1420  11  112
1428  11  112
1420  11  112
1416  12  112
1404  12  112
1408  12  112
1408  12  112
1400  13  112
1400  13  112
1408  13  112
1396  13  112
1396  13  112
1408  13  112
1400  13  112
1404  13  112
1400  13  112
1396  13  112
1404  13  112
1400  13  112
1396  13  112
1408  13  111
1396  13  111
1404  13  111
1400  13  110
1392  13  110
1404  13  109
1396  13  109
1400  13  108
1404  13  108
1400  13  107
1396  13  107
1404  13  106
1400  13  105
1408  12  105
1408  12  104
1404  12  103
1404  12  103
1416  11  102
1404  11  102
1416  11  101
1424  10  101
1416  10  100
1400  10  99
1356  10  98
1348  9  98
1284  9  97
1280  9  96
1276  9  96
1280  8  95
1276  8  94
1268  8  94
1276  8  93
1284  8  92
1260  7  92
1272  7  91
1264  7  91
1276  7  90
1264  7  90
1264  6  89
1260  6  89
1260  6  89
1272  6  88
1260  6  88
1260  6  88
1300  5  88
1304  5  88
1304  5  87
1300  5  87
1312  5  87
1296  5  87
1300  5  87
1300  5  87
1268  6  87
1260  6  87
1260  6  87
1256  6  87
1276  7  87
1260  7  87
1264  7  87
1280  8  87
1276  8  87
1284  8  87
1280  9  87
1280  9  87
1276  9  88
1280  9  88
1268  10  88
1336  10  88
1344  10  88
1336  10  88
1340  10  88
1344  10  88
1340  10  88
1340  10  88
1336  10  88
1344  10  88
1340  10  88
1340  10  88
1344  10  88
1340  10  88
1336  10  88
1344  10  88
1340  10  88
1340  10  88
1348  10  87
1328  10  87
1336  10  87
1336  10  86
1340  10  86
1328  10  86
1356  9  85
1288  9  85
1280  9  84
1276  9  84
1280  9  84
1280  9  83
1268  9  83
1268  9  83
1288  8  82
1288  8  82
1280  8  81
1276  8  81
1276  8  81
1292  8  80
1276  8  80
1280  7  80
1272  7  80
1280  7  79
1272  7  79
1272  7  79
1284  7  78
1280  7  78
1272  7  78
1280  7  77
1276  7  77
1284  7  76
1268  6  76
1264  6  76
1264  6  76
1280  6  75
1264  6  75
1264  6  75
1264  6  75
1264  6  75
1276  6  75
1264  6  75
1264  6  75
1276  6  74
1276  6  74
1268  6  74
1272  6  74
1268  6  74
1276  6  74
1268  6  74
1272  6  74
1268  6  74
1276  6  74
1272  6  74
1268  6  74
1272  6  74
1272  6  74
1272  7  74
1268  7  74
1268  7  74
1272  7  74
1272  7  74
1268  7  74
1268  7  74
1272  7  74
1280  8  74
1276  8  74
1276  8  74
1276  8  74
1284  8  74
1276  8  74
1272  8  74
1276  8  74
1284  8  74
1276  8  74
1276  8  74
1276  8  74
1284  8  74
1276  8  74
1272  8  74
1276  8  74
1284  8  74
1276  8  74
1276  8  74
1276  8  74
1284  8  74
1276  8  74
1272  8  74
1276  8  74
1284  8  73
1268  8  73
1268  8  73
1264  7  73
1272  7  73
1264  7  73
1260  7  73
1264  7  73
1268  7  73
1264  7  73
1260  7  73
1264  7  73
1268  7  73
1264  7  73
1272  7  72
1272  7  72
1268  7  72
1280  7  72
1272  7  72
1268  7  72
1272  7  72
1280  7  72
1268  7  72
1272  7  72
1268  7  72
1276  7  72
1272  7  72
1272  7  72
1272  7  72
1276  7  72
1268  7  72
1272  7  72
1272  7  72
1276  7  72
1272  7  72
1268  7  72
1272  7  72
1280  7  72
1268  7  72
1272  7  72
1268  7  72
1280  7  72
1272  7  72
1268  7  72
1272  7  72
1276  7  72
1272  7  72
1272  7  72
1268  7  72
1272  7  72
1276  7  72
1272  7  72
1272  7  72
1268  7  72
1276  6  72
1268  6  72
1268  6  72
1268  6  72
1276  6  72
1264  6  72
1272  6  72
1264  6  72
1276  6  72
1268  6  72
1268  6  72
1268  6  72
1276  6  72
1268  6  72
1264  6  72
1272  6  72
1272  6  72
1268  6  72
1268  6  72
1268  6  72
1268  6  72
1276  6  72
1264  6  72
1272  6  72
1264  6  72
1276  6  72
1268  6  72
1264  6  72
1272  6  72
1276  6  72
1264  6  72
1268  6  72
1260  5  72
1268  5  72
1260  5  72
1260  5  72
1260  5  72
1268  5  73
1260  5  73
1260  5  73
1256  5  73
1260  5  73
1264  5  73
1260  5  73
1260  5  73
1260  5  73
1264  5  73
1260  5  73
1256  5  73
1264  5  74
1268  5  74
1256  5  74
1256  5  74
1260  5  74
1256  5  74
1264  5  74
1260  5  74
1256  5  74
1268  5  75
1268  5  75
1264  5  75
1260  5  75
1264  5  76
1272  5  76
1260  5  76
1260  5  76
1264  5  77
1260  5  77
1264  5  77
1260  5  77
1268  5  78
1260  5  78
1268  5  78
1260  5  78
1260  5  79
1260  5  79
1276  6  79
1264  6  80
1264  6  80
1268  6  80
1268  6  80
1268  6  81
1264  6  81
1264  6  81
1272  7  82
1276  7  82
1268  7  82
1272  7  83
1272  7  83
1280  7  83
1268  7  83
1272  7  83
1268  7  83
1280  7  84
1272  7  84
1268  7  84
1272  7  85
1268  7  85
1268  7  85
1264  7  85
1264  7  85
1272  7  86
1264  7  86
1260  7  86
1264  7  86
1268  7  86
1264  7  86
1260  7  86
1260  7  86
1264  6  86
1264  6  86
1260  6  86
1260  6  86
1260  6  87
1272  6  87
1256  6  87
1260  6  87
1256  6  87
1272  6  87
1256  6  87
1260  6  87
1304  5  88
1308  5  88
1296  5  88
1300  5  88
1300  5  89
1312  5  89
1304  5  90
1300  5  90
1300  5  90
1304  5  90
1300  5  90
1308  5  91
1308  5  91
1300  5  91
1308  5  92
1304  5  93
1308  5  93
1304  5  94
1312  5  95
1300  6  95
1308  6  96
1300  6  96
1304  6  97
1272  7  97
1264  7  98
1260  7  99
1260  7  99
1272  8  100
1336  8  101
1332  8  102
1332  8  102
1340  8  103
1344  9  104
1336  9  104
1344  9  105
1340  10  105
1408  10  106
1416  10  107
1408  10  107
1412  11  108
1404  11  109
1396  11  109
1416  11  110
1428  11  111
1420  11  111
1432  11  112
1420  11  112
1428  11  112
1412  11  113
1404  11  113
1412  11  114
1392  11  114
1400  11  114
1400  11  114
1412  11  115
1408  11  115
1412  11  115
1408  11  115
1412  11  115
1408  10  115
1400  10  115
1412  10  115
1404  10  115
1404  9  115
1344  9  115
1332  9  115
1332  9  115
1372  8  115
1368  8  115
1364  8  115
1380  8  116
1376  7  116
1368  7  116
1376  7  116
1372  7  116
1372  7  116
1384  6  117
1372  6  117
1376  6  117
1380  6  117
1376  6  118
1380  6  118
1372  6  118
1380  6  119
1380  6  119
1380  6  120
1376  6  121
1384  6  121
1372  7  122
1372  7  123
1380  7  124
1376  7  125
1372  8  125
1384  8  126
1384  8  127
1364  9  128
1380  9  129
1372  9  130
1336  10  131
1392  10  132
1400  10  133
1400  11  134
1412  11  135
1400  12  137
1408  12  138
1420  13  139
1408  13  140
1420  14  141
1428  14  142
1420  15  143
1416  15  144
1416  15  145
1408  16  146
1400  16  147
1404  16  148
1408  16  148
1400  17  149
1400  17  150
1400  17  150
1400  17  151
1404  17  151
1400  17  152
1396  17  152
1412  17  153
1396  17  153
1404  17  154
1408  17  154
1400  17  154
1404  17  154
1400  17  154
1400  17  154
1404  17  154
1412  16  154
1400  16  154
1408  15  154
1400  15  154
1400  15  154
1412  14  154
1404  14  154
1412  14  154
1396  13  154
1392  13  154
1404  13  154
1392  12  154
1392  12  154
1456  11  154
1432  11  154
1448  11  154
1440  11  154
1440  10  154
1444  10  154
1432  10  154
1448  10  154
1436  10  154
1456  10  155
1440  10  155
1428  10  155
1460  10  156
1440  10  156
1452  10  157
1444  10  158
1440  10  158
1456  10  159
1440  11  160
1448  11  161
1440  11  162
1436  11  163
1456  12  164
1444  12  165
1452  12  166
1440  13  167
1444  13  168
1396  14  169
1396  14  170
1404  14  171
1404  15  172
1408  16  173
1420  16  174
1400  17  175
1420  17  176
1416  18  177
1420  18  178
1416  19  179
1412  19  180
1404  19  181
1412  19  182
1408  20  183
1408  20  184
1404  20  185
1408  20  186
1408  20  186
1400  21  187
1396  21  187
1404  21  188
1396  21  188
1396  21  188
1408  21  189
1400  21  189
1404  21  189
1404  20  189
1400  20  189
1408  20  189
1400  20  189
1408  19  189
1416  19  189
1404  19  189
1424  18  189
1412  18  189
1408  17  189
1412  17  189
1404  17  189
1400  16  189
1400  16  189
1448  15  189
1432  15  189
1440  15  189
1428  14  189
1448  14  189
1424  14  189
1440  14  189
1440  14  189
1428  14  189
1444  14  189
1428  14  189
1440  14  189
1440  14  189
1440  14  190
1440  14  190
1436  14  191
1440  14  191
1448  14  192
1448  14  193
1436  14  193
1432  14  194
1460  15  195
1440  15  196
1448  15  196
1444  15  197
1440  16  198
1444  16  199
1440  16  200
1400  17  201
1400  17  202
1396  17  203
1408  18  204
1396  18  204
1412  19  205
1420  19  206
1420  20  207
1420  20  208
1408  21  208
1408  21  209
1416  21  210
1412  22  211
1404  22  212
1408  22  212
1408  22  213
1424  22  214
1404  22  214
1408  23  215
1404  23  215
1404  23  216
1400  23  216
1404  23  217
1400  23  217
1400  23  217
1396  23  217
1396  23  217
1404  23  217
1396  23  217
1396  23  217
1404  23  217
1416  22  217
1412  22  217
1412  22  217
1408  21  217
1412  21  217
1404  21  217
1404  20  217
1408  20  217
1400  20  217
1408  20  217
1400  19  217
1396  19  216
1400  19  216
1444  18  216
1424  18  216
1452  18  216
1428  18  216
1440  18  216
1440  18  216
1428  18  216
1448  18  216
1428  18  216
1448  18  216
1436  18  217
1424  18  217
1448  18  217
1428  18  217
1448  18  218
1432  18  218
1428  18  218
1456  18  219
1424  18  219
1404  19  220
1392  19  220
1400  19  221
1400  19  221
1396  19  222
1400  20  222
1408  20  223
1396  20  223
1408  20  224
1392  20  224
1416  21  225
1408  21  225
1412  21  226
1400  21  226
1412  22  226
1412  22  227
1408  22  227
1408  22  227
1400  22  227
1420  22  228
1408  22  228
1404  22  228
1424  22  229
1412  22  229
1416  22  229
1416  22  230
1408  22  230
1416  22  230
1412  22  230
1416  22  230
1412  22  230
1408  22  230
1416  22  230
1412  22  230
1408  22  230
1420  22  230
1404  21  230
1412  21  230
1400  21  230
1400  21  230
1408  21  230
1400  21  230
1400  21  230
1412  21  230
1400  21  230
1404  20  230
1396  20  230
1396  20  230
1400  20  230
1392  20  230
1396  20  230
1400  20  230
1396  20  230
1396  20  230
1400  20  230
1392  20  230
1404  20  230
1392  20  230
1396  20  230
1412  21  230
1404  21  230
1400  21  231
1408  21  231
1400  21  231
1396  21  231
1408  21  231
1396  21  231
1408  21  231
1396  21  231
1408  21  232
1404  21  232
1400  21  232
1396  21  232
1408  21  232
1396  21  232
1404  21  232
1400  21  232
1400  21  232
1404  21  232
1400  21  233
1396  21  233
1404  21  233
1400  21  233
1396  21  233
1404  21  233
1408  22  233
1412  22  233
1404  22  233
1404  22  233
1412  22  233
1408  22  233
1404  22  233
1408  22  233
1408  22  233
1408  22  233
1404  22  233
1408  22  233
1412  22  233
1404  22  233
1404  22  233
1412  22  233
1408  22  233
1408  22  233
1404  22  233
1408  22  233
1408  22  233
1404  22  233
1408  22  233
1412  22  233
1404  22  233
1424  22  232
1412  22  232
1412  22  232
1416  22  232
1408  22  232
1412  22  232
1420  22  232
1408  22  232
1420  22  232
1412  22  232
1408  22  232
1420  22  232
1412  22  232
1420  22  232
1408  22  232
1412  22  232
1420  22  232
1408  22  232
1412  23  232
1412  23  232
1412  23  232
1416  23  232
1408  23  232
1408  23  232
1416  23  232
1408  23  232
1408  23  232
1416  23  232
1408  23  232
1416  23  232
1412  23  232
1408  23  232
1416  23  232
1404  24  232
1400  24  232
1416  24  231
1404  24  231
1416  24  231
1400  24  231
1404  24  231
1420  24  230
1404  24  230
1404  24  230
1412  24  230
1404  24  230
1412  24  229
1400  24  229
1400  24  229
1404  24  228
1396  24  228
1396  24  228
1408  24  227
1392  24  227
1424  23  227
1416  23  226
1408  23  226
1416  23  225
1400  23  225
1416  23  224
1412  23  224
1432  22  223
1428  22  223
1420  22  222
1408  22  221
1408  22  221
1412  22  220
1420  21  220
1420  21  219
1408  21  219
1420  21  218
1412  21  218
1408  21  217
1416  21  216
1408  20  216
1416  20  215
1404  20  215
1412  20  214
1404  20  214
1408  19  213
1396  19  213
1400  19  213
1408  19  212
1400  19  212
1408  19  211
1396  19  211
1408  19  211
1408  19  210
1400  19  210
1404  19  210
1404  19  209
1396  19  209
1400  19  209
1396  19  209
1408  19  208
1396  19  208
1396  19  208
1400  19  208
1396  19  208
1424  20  207
1420  20  207
1408  20  207
1420  20  207
1412  20  207
1412  20  207
1420  21  207
1412  21  207
1412  21  207
1416  21  207
1412  21  207
1424  21  206
1412  21  206
1404  21  206
1412  22  206
1400  22  206
1408  22  206
1404  22  205
1400  22  205
1404  22  205
1408  22  204
1400  22  204
1404  22  204
1396  22  204
1404  22  203
1404  22  203
1396  22  203
1404  22  202
1396  22  202
1396  22  201
1400  22  201
1400  22  200
1400  22  199
1404  22  199
1400  22  198
1400  22  198
1400  22  197
1400  22  196
1404  22  195
1396  22  194
1404  21  193
1408  21  192
1396  21  191
1400  21  190
1412  20  190
1408  20  189
1412  20  188
1416  19  187
1408  19  186
1420  19  185
1416  18  184
1428  18  183
1428  18  182
1420  17  181
1420  17  180
1412  17  179
1412  16  178
1408  16  177
1408  16  176
1408  15  175
1400  15  174
1400  15  173
1412  14  172
1392  14  171
1400  14  170
1400  14  170
1448  13  169
1436  13  169
1448  13  168
1424  13  168
1456  13  167
1424  13  167
1456  13  166
1436  13  166
1428  13  166
1452  13  165
1432  13  165
1396  14  165
1392  14  165
1388  14  165
1416  15  165
1404  15  165
1404  15  165
1412  16  165
1396  16  165
1428  17  164
1412  17  164
1408  17  164
1412  18  164
1400  18  164
1400  18  164
1404  19  164
1388  19  164
1400  19  164
1448  20  164
1428  20  164
1452  20  164
1432  20  164
1440  20  164
1440  20  163
1432  20  163
1448  20  163
1440  20  162
1448  20  162
1440  20  161
1428  20  161
1460  20  160
1440  20  159
1456  20  158
1448  20  157
1448  20  156
1448  20  155
1444  19  154
1448  19  153
1440  19  152
1404  18  151
1396  18  150
1448  18  149
1404  17  147
1404  17  146
1408  16  145
1416  16  143
1412  15  142
1416  15  141
1412  14  139
1408  14  138
1424  13  137
1420  13  136
1416  12  134
1416  12  133
1408  11  131
1412  11  130
1404  10  128
1400  10  127
1456  9  126
1368  9  125
1380  8  124
1380  8  123
1380  8  122
1376  7  121
1380  7  120
1372  7  120
1380  7  119
1368  7  118
1368  7  118
1392  6  117
1368  6  117
1376  6  116
1376  6  116
1376  6  116
1368  6  116
1384  7  115
1372  7  115
1368  7  115
1376  8  115
1368  8  115
1328  9  115
1340  9  115
1340  10  115
1396  10  115
1416  11  115
1404  11  115
1412  12  115
1416  12  116
1400  13  116
1396  13  116
1404  14  116
1396  14  116
1400  14  116
1440  15  116
1428  15  116
1440  15  116
1448  16  116
1444  16  116
1440  16  116
1440  16  116
1444  16  115
1432  16  115
1440  16  115
1440  16  114
1428  16  114
1456  16  113
1440  16  112
1444  16  111
1440  16  111
1432  16  110
1456  15  108
1444  15  107
1452  15  106
1436  15  105
1452  14  104
1440  14  103
1396  13  102
1400  13  100
1396  13  99
1344  12  98
1340  12  97
1340  11  95
1332  11  94
1360  10  93
1356  9  92
1284  9  90
1276  8  89
1292  8  88
1272  7  87
1268  7  85
1264  6  84
1268  6  83
1268  6  82
1264  5  80
1264  5  79
1316  4  78
1304  4  77
1316  3  76
1308  3  75
1312  3  75
1312  2  74
1308  2  73
1320  2  72
1304  2  72
1312  2  71
1312  1  71
1324  1  70
1308  1  70
1316  1  69
1320  1  69
1308  1  69
1312  1  69
1304  2  69
1308  2  69
1304  2  69
1300  3  69
1308  3  69
1300  3  69
1260  4  69
1256  4  69
1268  5  69
1272  5  69
1272  6  69
1280  6  70
1272  7  70
1280  7  70
1268  8  70
1268  8  70
1264  9  70
1264  9  70
1264  9  70
1264  10  71
1316  10  71
1336  10  71
1372  11  71
1368  11  71
1376  11  71
1368  11  71
1372  11  71
1376  11  71
1372  11  71
1376  11  70
1376  11  70
1368  11  70
1372  11  70
1380  11  69
1368  11  69
1380  11  68
1380  10  67
1372  10  66
1376  10  66
1372  10  65
1336  9  64
1272  9  63
1268  9  62
1260  9  62
1268  8  61
1264  8  60
1268  8  59
1264  8  58
1272  7  57
1264  7  56
1276  7  55
1272  6  55
1276  6  54
1276  5  53
1280  5  52
1292  5  51
1272  4  51
1280  4  50
1288  4  49
1272  3  48
1276  3  47
1264  3  46
1280  3  45
1264  2  45
1268  2  44
1264  2  43
1264  1  43
1272  1  42
1260  1  42
1268  1  41
1260  1  41
1296  0  41
1292  0  40
1288  0  40
1292  0  39
1292  0  39
1288  0  39
1288  0  39
1284  0  39
1296  0  39
1284  0  39
1260  1  39
1260  1  39
1272  1  39
1264  2  39
1264  2  39
1268  2  39
1284  3  39
1276  3  39
1272  4  39
1276  4  39
1280  4  39
1276  5  40
1268  5  40
1272  5  40
1276  6  40
1264  6  40
1264  6  41
1264  6  41
1276  6  41
1256  7  41
1260  7  41
1256  7  41
1260  7  41
1264  7  41
1256  7  41
1260  7  41
1256  7  41
1264  7  41
1264  7  40
1256  7  40
1252  7  40
1268  7  40
1264  7  39
1260  7  39
1260  7  39
1264  7  38
1268  6  38
1268  6  37
1264  6  37
1260  6  37
1280  5  36
1264  5  36
1272  5  35
1260  5  35
1280  5  34
1268  5  34
1280  4  33
1272  4  33
1288  4  32
1276  4  31
1276  4  31
1284  3  31
1296  3  30
1288  3  30
1272  3  29
1264  3  29
1284  2  28
1276  2  28
1280  2  27
1272  2  27
1284  2  27
1276  2  26
1272  2  26
1268  1  26
1280  1  25
1260  1  25
1264  1  25
1264  1  25
1272  1  25
1264  1  25
1272  1  24
1268  1  24
1268  1  24
1276  1  24
1264  1  24
1268  1  24
1268  1  24
1276  1  24
1268  1  24
1268  1  24
1264  1  24
1276  1  24
1272  2  24
1276  2  24
1272  2  24
1280  2  24
1272  2  24
1272  2  24
1276  2  24
1280  2  24
1272  3  24
1280  3  24
1276  3  24
1284  3  25
1272  3  25
1276  3  25
1268  3  25
1284  3  25
1272  3  25
1276  3  25
1268  3  25
1284  3  25
1272  3  25
1276  3  25
1268  3  25
1284  3  25
1272  3  25
1276  3  25
1268  3  25
1284  3  25
1272  3  25
1276  3  25
1268  3  25
1276  3  25
1280  3  25
1276  3  25
1272  3  25
1272  3  25
1280  3  25
1276  3  25
1276  2  25
1276  2  25
1280  2  25
1276  2  25
1280  2  25
1276  2  25
1280  2  25
1276  2  25
1280  2  25
1272  2  25
1284  2  25
1276  2  25
1276  2  25
1276  2  25
1284  2  25
1276  2  25
1276  2  25
1272  2  25
1288  2  25
1272  2  25
1276  2  25
1276  2  25
1284  2  25
1276  2  25
1276  2  25
1280  2  25
1280  2  25
1272  2  25
1280  2  25
1276  2  25
1280  2  25
1276  2  25
1280  2  25
1276  2  25
1280  2  25
1276  2  25
1276  2  25
1276  2  25
1284  2  25
1268  1  25
1264  1  25
1264  1  25
1272  1  25
1264  1  25
1264  1  25
1264  1  25
1272  1  25
1264  1  25
1264  1  25
1264  1  25
1264  1  25
1272  1  25
1264  1  25
1264  1  25
1264  1  25
1256  0  25
1248  0  25
1248  0  25
1244  0  25
1264  0  26
1240  0  26
1256  0  26
1248  0  26
1240  0  26
1260  0  26
1252  0  27
1248  0  27
1240  0  27
1244  0  27
1268  0  28
1240  0  28
1252  0  29
1236  0  29
1256  0  29
1256  0  30
1248  0  30
1240  0  30
1248  0  31
1276  1  31
1260  1  31
1268  1  32
1264  1  32
1268  1  33
1264  1  33
1268  1  34
1272  2  34
1276  2  35
1264  2  35
1268  2  36
1264  2  36
1280  2  37
1276  3  37
1276  3  38
1272  3  38
1280  3  38
1280  3  39
1276  3  39
1276  3  40
1280  3  40
1272  3  41
1268  3  41
1272  3  42
1276  4  42
1268  4  42
1264  4  43
1264  4  43
1264  4  43
1280  4  44
1272  4  44
1276  4  44
1268  4  44
1292  4  45
1280  4  45
1280  4  45
1268  3  46
1272  3  46
1260  3  46
1264  3  46
1260  3  46
1268  3  46
1276  3  47
1272  3  47
1260  2  47
1268  2  47
1260  2  47
1264  2  48
1260  2  48
1260  2  48
1316  1  49
1300  1  49
1304  1  49
1316  1  50
1300  1  50
1304  1  50
1308  1  50
1312  1  51
1308  1  51
1300  1  51
1320  1  52
1304  1  52
1308  1  53
1308  1  53
1312  1  54
1308  1  54
1308  1  55
1312  1  56
1312  1  57
1300  1  57
1308  1  58
1312  1  59
1312  2  60
1304  2  61
1304  2  62
1316  2  63
1304  2  63
1304  3  64
1312  3  65
1304  3  66
1268  4  67
1264  4  68
1268  4  69
1272  5  70
1268  5  71
1260  5  72
1276  6  73
1284  6  74
1268  6  74
1276  7  75
1276  7  76
1288  7  77
1276  8  78
1272  8  79
1280  8  80
1292  8  81
1280  8  82
1280  9  82
1272  9  83
1288  9  84
1280  9  85
1280  9  85
1272  9  86
1292  9  87
1280  9  87
1276  9  88
1268  9  89
1276  9  89
1276  9  90
1272  9  90
1288  9  91
1292  9  91
1288  9  91
1280  9  91
1288  9  92
1284  9  92
1284  9  92
1284  9  92
1268  9  93
1276  9  93
1276  8  93
1268  8  93
1272  8  93
1280  8  93
1264  7  94
1256  7  94
1256  7  94
1264  7  94
1304  6  94
1300  6  94
1304  6  95
1312  5  95
1304  5  95
1304  5  95
1316  5  96
1308  4  96
1308  4  96
1300  4  96
1320  4  97
1304  4  97
1316  4  98
1304  3  98
1304  3  98
1312  3  99
1304  3  99
1320  3  100
1364  3  101
1368  3  101
1384  3  102
1376  3  103
1384  4  104
1388  4  105
1384  4  106
1368  4  107
1384  4  108
1384  5  110
1372  5  111
1392  5  112
1372  6  114
1372  6  115
1384  6  116
1372  7  118
1372  7  119
1380  8  121
1376  8  122
1328  9  123
1340  10  125
1392  10  127
1412  11  128
1408  11  130
1412  12  131
1420  13  133
1412  13  134
1416  14  136
1420  14  137
1412  15  139
1416  15  140
1404  16  142
1408  16  143
1408  17  145
1400  17  146
1400  17  147
1456  18  148
1440  18  149
1400  18  150
1448  19  151
1436  19  152
1456  19  153
1428  19  154
1444  19  154
1448  19  155
1428  19  155
1452  19  156
1428  19  156
1452  19  156
1396  18  156
1396  18  156
1404  18  156
1408  17  157
1400  17  157
1416  16  157
1408  16  157
1420  15  157
1404  14  157
1396  14  157
1408  13  157
1404  13  156
1448  12  156
1448  11  156
1432  11  156
1456  10  156
1440  10  156
1456  9  156
1376  9  156
1376  9  156
1396  8  157
1368  8  157
1372  8  157
1380  8  157
1376  8  157
1380  8  158
1380  8  158
1380  8  159
1372  8  159
1396  8  160
1384  8  161
1384  8  162
1368  8  162
1392  8  163
1384  8  165
1384  8  166
1372  9  167
1384  9  169
1376  9  170
1380  9  171
1380  10  173
1444  10  174
1448  11  176
1452  12  177
1444  12  179
1452  13  181
1440  13  182
1448  14  184
1440  15  186
1396  16  188
1404  16  190
1408  17  192
1408  18  193
1416  19  195
1416  19  197
1420  20  199
1408  21  200
1404  21  202
1416  22  203
1396  23  205
1400  23  207
1456  24  208
1432  24  210
1452  25  211
1440  25  212
1444  26  213
1452  26  214
1444  27  215
1452  27  216
1444  27  217
1448  27  218
1444  27  219
1432  27  219
1456  27  220
1440  27  220
1444  27  220
1436  27  220
1432  26  220
1448  26  220
1440  26  220
1436  25  220
1392  24  220
1392  24  220
1412  23  220
1408  23  220
1412  22  219
1428  21  219
1408  21  219
1416  20  218
1396  20  218
1396  19  218
1456  18  217
1424  18  217
1456  17  217
1448  16  217
1428  16  217
1464  15  217
1440  15  217
1452  14  217
1440  14  217
1428  14  217
1452  14  217
1432  14  217
1452  14  217
1436  14  217
1456  14  218
1440  14  218
1444  14  219
1448  14  220
1452  14  221
1448  14  221
1448  14  222
1444  15  223
1448  15  224
1444  15  226
1460  16  227
1448  16  228
1448  17  230
1456  17  231
1444  17  233
1456  18  234
1440  18  236
1452  19  237
1444  20  239
1428  20  241
1408  21  242
1404  22  243
1408  23  245
1416  23  246
1420  24  248
1432  25  249
1408  26  251
1400  27  252
1408  27  253
1396  28  255
1412  28  256
1452  29  258
1436  29  259
1460  30  260
1448  30  261
1452  30  262
1448  31  263
1444  31  264
1448  31  265
1448  31  266
1448  31  266
1440  31  267
1432  31  267
1448  31  267
1432  31  267
1452  31  267
1436  31  267
1432  31  267
1452  30  267
1428  30  267
1408  29  267
1396  29  267
1408  28  267
1412  28  267
1420  27  266
1416  27  266
1404  26  266
1416  26  265
1412  25  265
1412  25  264
1404  24  264
1412  24  263
1400  23  263
1408  23  262
1444  22  262
1432  22  262
1464  21  261
1436  21  261
1456  20  261
1444  20  261
1444  20  261
1452  20  261
1444  20  261
1448  20  261
1448  20  261
1448  20  261
1444  20  261
1448  20  262
1452  20  262
1448  20  262
1452  20  263
1444  20  263
1448  21  264
1448  21  264
1440  21  265
1460  22  266
1448  22  267
1444  22  268
1456  23  269
1436  23  270
1452  23  271
1396  24  272
1404  24  273
1404  24  274
1412  25  275
1404  25  276
1420  26  277
1424  27  278
1428  27  279
1412  28  279
1420  29  280
1412  29  281
1400  30  281
1404  30  282
1404  30  283
1400  31  283
1408  31  284
1404  31  285
1460  32  286
1436  32  286
1432  32  286
1456  32  287
1436  32  287
1444  32  287
1436  32  287
1428  32  287
1452  32  287
1436  32  287
1444  32  287
1396  31  287
1392  31  287
1412  31  286
1396  31  286
1404  30  286
1416  30  285
1404  30  285
1428  29  284
1408  29  284
1412  29  283
1420  28  283
1412  28  282
1416  27  282
1420  27  281
1404  26  281
1412  26  280
1408  26  279
1400  26  279
1416  25  278
1400  25  278
1412  25  277
1448  24  277
1432  24  277
1408  24  276
1392  24  276
1452  23  276
1448  23  276
1440  23  276
1448  23  276
1440  23  276
1444  23  276
1440  23  276
1432  23  276
1452  23  276
1392  24  276
1396  24  276
1404  24  276
1400  25  276
1400  25  276
1404  25  277
1416  26  277
1412  26  277
1412  26  277
1424  27  278
1424  27  278
1416  27  278
1424  27  279
1416  28  279
1416  28  279
1420  28  279
1408  28  280
1416  28  280
1404  28  280
1408  28  280
1408  28  280
1404  29  280
1408  29  280
1408  29  280
1400  29  280
1412  29  280
1404  29  280
1400  29  280
1408  29  280
1404  29  280
1404  29  280
1408  29  280
1404  29  279
1412  29  279
1400  29  279
1400  29  279
1416  29  278
1400  29  278
1416  28  278
1424  28  278
1420  28  277
1420  28  277
1412  28  276
1412  28  276
1420  28  276
1420  28  275
1408  28  275
1428  28  274
1408  28  274
1420  28  273
1424  27  273
1408  27  272
1412  27  272
1408  27  271
1408  27  271
1404  27  271
1416  27  270
1420  27  270
1420  27  269
1412  27  268
1428  26  268
1416  26  267
1416  26  267
1408  26  266
1400  26  266
1420  26  265
1408  26  265
1432  26  264
1436  26  263
1420  26  263
1420  26  262
1416  25  262
1416  25  261
1416  25  261
1412  25  261
1428  25  260
1412  25  260
1420  25  259
1416  25  259
1424  25  258
1420  25  257
1408  25  257
1408  25  256
1404  25  256
1408  25  255
1408  25  255
1412  25  255
1420  25  254
1428  25  254
1420  25  253
1412  25  252
1412  25  252
1404  25  251
1396  25  251
1420  25  250
1404  25  250
1412  25  250
1420  25  249
1412  25  249
1420  25  248
1408  25  248
1412  25  247
1416  25  247
1416  25  246
1420  25  245
1404  25  245
1416  25  244
1416  25  244
1404  25  243
1400  25  243
1416  25  242
1396  25  242
1416  25  241
1412  25  240
1400  25  240
1412  25  239
1404  25  238
1392  25  238
1428  24  237
1412  24  237
1420  24  236
1416  24  235
1412  24  234
1412  24  234
1412  24  233
1416  24  232
1408  24  231
1404  24  231
1416  24  230
1408  24  229
1416  23  228
1428  23  227
1412  23  226
1416  23  226
1412  23  225
1412  23  224
1436  22  223
1420  22  222
1408  22  221
1416  22  220
1400  22  220
1420  22  219
1412  22  218
1416  21  217
1412  21  216
1400  21  215
1404  21  215
1416  21  214
1432  21  213
1420  21  212
1404  21  211
1412  21  210
1412  21  209
1420  20  208
1428  20  207
1408  20  207
1416  20  206
1416  20  205
1412  20  204
1412  19  203
1424  19  202
1412  19  201
1420  19  201
1408  19  200
1416  19  199
1420  19  198
1408  19  198
1428  19  197
1412  19  196
1408  19  195
1412  19  194
1428  19  193
1420  19  193
1428  19  192
1408  19  191
1408  19  190
1408  18  190
1416  18  189
1420  18  188
1412  18  188
1424  18  187
1412  18  186
1404  18  186
1408  18  185
1412  18  184
1404  18  184
1428  18  183
1428  18  182
1424  18  182
1408  18  181
1404  18  180
1404  18  180
1412  18  179
1416  18  178
1412  19  178
1404  19  177
1416  19  176
1408  19  175
1400  19  175
1412  19  174
1404  19  173
1404  19  172
1408  19  171
1396  19  171
1408  19  170
1404  19  169
1400  19  168
1408  19  167
1400  19  166
1396  19  166
1404  19  164
1400  19  163
1408  19  162
1404  18  161
1396  18  160
1412  18  159
1404  18  158
1408  17  157
1408  17  156
1408  17  155
1412  17  154
1400  17  152
1416  16  151
1416  16  150
1412  16  149
1404  16  147
1428  15  146
1416  15  145
1416  15  144
1432  14  142
1412  14  141
1408  14  140
1412  14  139
1416  13  137
1428  13  136
1412  13  135
1420  13  133
1424  13  132
1416  12  131
1424  12  130
1416  12  129
1420  12  127
1408  11  126
1404  11  125
1420  11  124
1408  11  123
1408  11  122
1412  10  121
1404  10  120
1408  10  119
1412  10  118
1400  10  117
1412  10  116
1408  10  115
1408  10  114
1412  10  114
1404  10  113
1416  10  112
1412  10  111
1412  10  110
1420  10  110
1412  10  109
1412  10  108
1420  10  107
1408  10  107
1424  10  106
1408  10  105
1408  10  105
1408  10  104
1416  11  103
1416  11  103
1408  11  102
1404  11  102
1416  11  101
1400  11  101
1404  11  100
1420  11  99
1344  11  99
1344  11  98
1336  12  98
1332  12  97
1336  12  96
1328  12  96
1336  12  95
1328  12  94
1336  12  93
1328  12  93
1328  12  92
1332  12  91
1332  12  90
1328  12  90
1328  12  89
1380  12  88
1372  12  87
1372  12  86
1376  12  85
1376  12  84
1372  12  83
1344  11  82
1328  11  81
1336  11  80
1336  11  79
1332  10  78
1336  10  77
1332  10  75
1348  9  74
1280  9  73
1272  9  72
1272  9  71
1268  9  70
1280  8  68
1268  8  67
1276  8  66
1284  7  65
1280  7  64
1276  6  63
1284  6  62
1280  6  60
1284  5  59
1280  5  58
1288  5  57
1280  5  56
1272  4  54
1276  4  53
1280  4  52
1276  4  51
1272  3  50
1268  3  49
1276  3  48
1280  3  47
1264  2  46
1268  2  45
1268  2  44
1272  2  44
1268  2  43
1260  2  42
1260  2  42
1276  1  41
1268  1  40
1260  1  40
1264  1  39
1268  1  39
1264  1  38
1264  1  38
1260  1  38
1268  1  37
1272  2  37
1268  2  37
1272  2  36
1272  3  36
1288  3  35
1280  3  35
1272  4  35
1272  4  35
1280  4  35
1272  4  35
1264  5  35
1268  5  34
1276  5  34
1272  5  34
1260  6  34
1260  6  34
1268  6  34
1300  7  34
1300  7  33
1300  7  33
1312  8  33
1304  8  33
1300  8  33
1316  8  32
1300  8  32
1300  8  32
1308  8  31
1304  8  31
1312  9  31
1316  9  30
1308  9  30
1320  9  29
1312  9  28
1308  9  28
1316  9  27
1316  9  26
1308  9  26
1312  8  25
1316  8  24
1312  8  23
1312  8  22
1320  8  21
1308  7  20
1304  7  19
1312  7  18
1320  6  17
1308  6  16
1312  6  15
1316  5  14
1304  5  12
1304  5  11
1264  4  10
1272  4  9
1216  3  7
1192  3  6
1200  3  5
1196  2  4
1212  2  3
1212  1  2
1216  1  1
1064  0  0
1196  0  -1
1236  -1  -2
1248  -1  -3
1268  -1  -5
1248  -2  -6
1260  -2  -7
1244  -3  -8
1256  -3  -9
1244  -3  -10
1312  -3  -11
1308  -4  -11
1320  -4  -12
1308  -4  -13
1364  -5  -14
1356  -5  -14
1352  -5  -15
1352  -5  -15
1364  -5  -16
1348  -5  -16
1352  -5  -16
1360  -5  -17
1344  -5  -17
1352  -5  -17
1344  -5  -17
1360  -5  -17
1312  -4  -17
1312  -4  -17
1320  -4  -17
1320  -3  -17
1320  -3  -17
1332  -2  -17
1320  -2  -17
1324  -1  -17
1304  0  -17
1292  0  -16
1268  0  -16
1288  1  -16
1284  1  -16
1328  2  -16
1332  2  -15
1324  2  -15
1340  3  -15
1332  3  -15
1328  3  -15
1332  4  -15
1332  4  -15
1332  4  -15
1328  4  -15
1336  4  -15
1332  4  -15
1328  4  -15
1336  4  -15
1328  4  -15
1336  4  -16
1340  3  -16
1332  3  -16
1328  3  -17
1324  3  -17
1336  3  -18
1324  3  -18
1328  3  -18
1340  2  -19
1328  2  -20
1324  2  -20
1332  2  -21
1336  2  -22
1284  1  -22
1328  1  -23
1336  1  -24
1324  1  -24
1324  1  -25
1272  0  -26
1280  0  -26
1272  0  -27
1272  0  -28
1292  -1  -29
1316  -1  -29
1312  -1  -30
1320  -2  -30
1332  -2  -31
1324  -2  -32
1320  -3  -32
1312  -3  -33
1312  -3  -33
1324  -3  -34
1328  -4  -34
1328  -4  -35
1324  -4  -35
1328  -4  -36
1336  -4  -36
1328  -4  -37
1320  -4  -37
1320  -5  -37
1332  -5  -38
1320  -5  -38
1320  -5  -38
1328  -5  -38
1320  -5  -38
1320  -5  -38
1320  -5  -38
1324  -5  -38
1320  -5  -38
1320  -5  -38
1328  -5  -38
1312  -4  -38
1312  -4  -38
1308  -4  -38
1316  -4  -38
1312  -4  -38
1320  -3  -38
1328  -3  -38
1320  -3  -38
1320  -3  -38
1324  -3  -38
1320  -3  -38
1328  -2  -37
1312  -2  -37
1320  -2  -37
1316  -2  -37
1316  -2  -37
1324  -2  -37
1316  -2  -37
1308  -1  -37
1312  -1  -37
1320  -1  -36
1312  -1  -36
1312  -1  -36
1316  -1  -36
1312  -1  -36
1312  -1  -36
1312  -2  -36
1316  -2  -36
1312  -2  -36
1312  -2  -36
1308  -2  -36
1316  -2  -36
1312  -2  -36
1312  -2  -36
1316  -2  -36
1308  -2  -36
1320  -2  -37
1328  -3  -37
1328  -3  -37
1320  -3  -37
1324  -3  -37
1332  -3  -37
1320  -3  -37
1324  -3  -37
1328  -3  -37
1324  -3  -37
1320  -3  -37
1324  -3  -37
1328  -3  -37
1324  -3  -37
1324  -3  -37
1328  -3  -37
1320  -3  -37
1324  -3  -37
1320  -3  -37
1332  -3  -37
1324  -3  -37
1320  -3  -37
1332  -3  -37
1324  -3  -37
1324  -3  -36
1324  -3  -36
1320  -3  -36
1320  -3  -36
1320  -3  -36
1332  -3  -36
1316  -3  -36
1324  -3  -36
1324  -3  -36
1320  -3  -36
1320  -3  -36
1332  -4  -36
1332  -4  -36
1324  -4  -35
1324  -4  -35
1324  -4  -35
1320  -4  -35
1320  -4  -35
1324  -4  -35
1324  -4  -35
1320  -4  -35
1316  -5  -35
1320  -5  -35
1316  -5  -35
1320  -5  -34
1324  -5  -34
1316  -5  -34
1316  -5  -34
1308  -6  -34
1320  -6  -33
1304  -6  -33
1308  -6  -33
1308  -6  -33
1316  -6  -32
1308  -6  -32
1312  -6  -31
1316  -6  -31
1308  -6  -30
1312  -6  -30
1308  -6  -29
1316  -6  -29
1316  -5  -28
1308  -5  -28
1320  -5  -27
1316  -5  -26
1316  -4  -26
1316  -4  -25
1328  -4  -24
1320  -4  -24
1324  -3  -23
1340  -3  -22
1324  -3  -22
1332  -3  -21
1360  -2  -20
1336  -2  -20
1320  -2  -19
1320  -2  -18
1340  -1  -17
1324  -1  -16
1324  -1  -16
1336  -1  -15
1320  -1  -14
1316  -1  -13
1304  0  -13
1300  0  -12
1280  0  -11
1276  0  -11
1284  0  -10
1288  0  -10
1288  0  -9
1224  0  -9
1220  0  -8
1220  0  -8
1220  0  -7
1224  0  -6
1220  0  -6
1224  0  -6
1228  0  -5
1212  0  -5
1216  0  -4
1212  0  -4
1212  0  -4
1216  0  -3
1220  0  -3
1204  0  -2
1208  0  -2
1200  0  -2
1220  0  -1
1224  0  -1
1216  0  -1
1212  0  -1
1212  0  -1
1084  0  0
1084  0  0
1072  0  0
1200  -1  0
1224  -1  0
1220  -1  0
1224  -1  1
1232  -1  1
1220  -2  1
1228  -2  1
1224  -2  2
1216  -2  2
1224  -3  2
1216  -3  2
1272  -3  3
1256  -3  3
1256  -3  3
1268  -4  4
1276  -4  4
1268  -4  5
1264  -4  5
1272  -4  6
1268  -4  6
1264  -4  7
1260  -4  7
1264  -4  8
1264  -4  9
1268  -4  9
1264  -4  10
1328  -4  11
1336  -4  11
1332  -4  12
1332  -4  13
1340  -3  14
1348  -3  15
1320  -3  17
1332  -3  18
1340  -3  19
1340  -2  20
1324  -2  21
1336  -2  23
1328  -1  24
1332  -1  25
1328  -1  27
1280  0  28
1256  0  29
1264  1  31
1268  1  32
1280  2  33
1272  2  34
1280  3  35
1280  3  37
1276  4  38
1276  4  39
1292  4  40
1276  5  41
1284  5  43
1276  5  44
1268  6  46
1272  6  47
1276  6  48
1276  6  49
1264  7  50
1264  7  51
1276  7  52
1272  7  53
1268  7  54
1264  8  55
1276  8  56
1264  8  57
1260  8  58
1260  8  58
1268  8  59
1260  8  59
1264  8  60
1256  8  60
1268  8  61
1268  8  61
1264  8  61
1280  7  62
1272  7  62
1280  7  63
1272  6  63
1264  6  63
1272  6  64
1280  5  64
1272  5  64
1272  5  64
1268  4  65
1272  4  65
1264  4  65
1304  3  65
1300  3  65
1320  2  66
1308  2  66
1308  1  66
1324  1  67
1312  1  67
1284  0  67
1292  0  67
1300  0  68
1288  0  68
1296  0  69
1296  0  69
1320  -1  70
1340  -1  71
1328  -1  71
1356  -1  72
1344  -1  73
1340  -1  74
1328  -1  74
1356  -1  75
1340  -1  76
1336  -1  77
1356  -1  78
1320  0  79
1308  0  81
1308  0  82
1304  0  83
1300  0  85
1312  1  86
1320  1  88
1312  1  90
1312  2  91
1316  2  93
1312  3  94
1316  3  96
1316  4  98
1312  4  100
1376  4  102
1376  5  104
1384  6  106
1372  6  108
1368  7  110
1340  8  112
1332  8  114
1332  9  116
1348  10  118
1412  11  120
1408  11  122
1408  12  124
1416  13  127
1420  14  129
1404  14  130
1408  15  133
1408  16  135
1400  16  137
1448  17  138
1400  17  140
1448  18  142
1448  18  143
1444  19  145
1448  19  147
1452  19  148
1444  20  150
1448  20  151
1444  20  152
1448  20  153
1444  20  154
1432  20  155
1460  20  156
1448  20  157
1452  20  157
1440  20  157
1436  19  158
1440  19  158
1440  19  158
1404  18  158
1400  18  159
1412  17  159
1420  16  159
1404  16  159
1416  15  159
1408  14  159
1404  14  159
1404  13  159
1444  12  159
1428  11  159
1452  11  159
1444  10  159
1444  9  159
1368  9  159
1380  8  159
1380  8  159
1392  7  160
1372  7  160
1384  7  160
1380  7  160
1376  6  160
1396  6  161
1368  6  161
1380  6  162
1396  6  163
1380  5  163
1392  5  165
1388  5  166
1384  5  167
1396  5  168
1388  5  170
1376  6  172
1400  6  173
1380  6  175
1384  6  177
1400  7  179
1388  8  181
1368  8  183
1388  9  185
1388  10  187
1448  10  189
1452  11  191
1444  12  193
1456  13  196
1444  14  198
1452  15  201
1448  16  204
1440  17  207
1400  18  210
1404  19  213
1416  20  215
1416  21  218
1408  22  221
1420  23  223
1396  25  226
1440  26  228
1460  27  231
1444  28  233
1452  29  235
1444  30  237
1452  31  239
1444  31  241
1448  32  243
1460  33  244
1448  34  246
1452  34  247
1456  35  248
1448  35  250
1456  36  250
1456  36  251
1456  36  253
1448  36  253
1456  36  254
1452  36  255
1452  36  256
1460  35  256
1448  35  256
1452  35  256
1452  34  256
1460  34  255
1448  33  255
1440  33  255
1456  32  254
1444  31  254
1452  30  253
1444  29  253
1440  29  252
1400  28  251
1396  27  251
1420  26  250
1420  25  249
1424  24  248
1416  23  247
1440  21  247
1448  20  246
1448  19  246
1440  17  246
1452  15  246
1448  14  246
1452  13  246
1456  12  246
1448  12  246
1456  11  245
1448  11  245
1448  11  245
1452  10  245
1448  10  246
1460  9  246
1396  9  247
1396  9  248
1384  9  249
1388  9  250
1396  10  251
1444  10  252
1460  11  253
1452  12  255
1452  12  257
1468  13  259
1460  14  261
1464  15  263
1460  16  266
1460  17  269
1456  18  272
1456  19  275
1460  20  277
1448  21  280
1460  22  283
1444  24  286
1444  25  289
1412  27  292
1412  28  295
1420  29  298
1420  31  301
1404  32  303
1460  34  306
1452  36  308
1464  37  311
1448  38  314
1460  40  316
1460  41  319
1452  41  321
1464  42  324
1460  43  326
1464  44  328
1460  44  331
1464  45  333
1464  45  335
1468  46  336
1464  46  338
1456  47  340
1464  47  341
1452  47  342
1460  48  343
1464  48  345
1448  48  345
1460  48  346
1456  49  346
1464  49  347
1452  49  347
1448  49  347
1460  48  347
1452  48  347
1456  48  347
1448  48  347
1464  47  347
1456  47  347
1464  46  346
1464  45  346
1456  45  345
1456  45  345
1460  44  344
1456  43  343
1456  43  342
1460  42  340
1460  41  339
1448  41  338
1460  40  336
1456  39  335
1448  38  333
1460  37  331
1452  36  330
1408  35  328
1412  34  326
1420  33  325
1428  32  323
1420  31  322
1428  30  321
1404  29  319
1460  27  318
1456  26  317
1460  25  316
1456  24  315
1456  23  314
1468  22  313
1456  21  312
1464  20  311
1460  20  310
1464  19  309
1464  19  308
1452  19  308
1456  19  307
1464  18  307
1452  18  307
1460  18  307
1460  18  308
1460  18  308
1456  19  308
1460  20  309
1460  20  310
1456  21  311
1456  21  312
1460  22  313
1460  22  314
1456  23  316
1448  24  317
1464  25  318
1452  26  320
1456  27  322
1444  28  323
1392  29  325
1416  30  327
1404  31  329
1432  32  330
1404  33  332
1416  34  334
1420  35  335
1404  36  337
1460  37  338
1452  38  340
1448  39  342
1464  40  343
1452  41  344
1460  42  346
1456  42  347
1452  43  348
1468  44  349
1448  44  350
1464  45  351
1452  45  352
1468  46  353
1448  46  353
1456  46  354
1456  46  354
1456  46  355
1456  46  355
1448  46  355
1456  46  355
1452  46  355
1448  46  355
1464  46  354
1452  46  354
1464  45  353
1444  45  353
1456  45  352
1460  45  351
1456  44  350
1460  44  349
1460  43  348
1460  43  346
1456  43  345
1460  42  344
1460  42  342
1452  41  341
1456  41  339
1456  40  337
1460  39  335
1448  38  334
1452  38  332
1460  37  330
1444  36  328
1408  35  326
1412  34  324
1416  33  322
1436  32  320
1420  31  318
1424  30  316
1408  29  314
1412  28  313
1460  27  311
1452  26  309
1464  25  308
1448  24  306
1452  23  305
1464  22  303
1456  21  302
1464  21  301
1456  20  299
1452  20  298
1452  20  297
1456  19  296
1460  19  295
1452  19  294
1452  19  294
1448  19  294
1452  19  293
1456  19  293
1448  19  293
1452  19  293
1452  20  293
1456  21  293
1456  21  294
1444  22  294
1456  23  294
1452  23  295
1456  24  296
1448  25  297
1448  25  298
1452  26  299
1400  27  300
1408  28  300
1424  29  301
1416  30  302
1416  31  302
1408  32  303
1412  33  304
1452  34  304
1448  35  305
1452  35  306
1456  36  307
1452  37  307
1444  37  308
1452  38  308
1452  38  308
1452  39  308
1456  39  308
1448  40  308
1452  40  308
1448  40  308
1444  40  308
1452  40  308
1456  40  307
1452  40  307
1448  40  307
1448  40  306
1464  40  305
1452  40  303
1460  40  302
1456  39  301
1460  39  299
1452  39  298
1456  38  296
1464  38  295
1460  37  293
1460  37  291
1452  36  289
1460  36  287
1452  35  285
1452  34  282
1460  33  280
1452  33  278
1456  32  276
1452  31  273
1448  30  271
1404  29  269
1412  28  266
1420  27  263
1408  26  261
1424  25  258
1424  24  256
1408  23  253
1408  22  251
1448  21  248
1448  20  246
1448  19  244
1452  18  242
1452  17  240
1452  16  238
1448  15  236
1460  15  234
1452  14  232
1460  13  230
1444  13  228
1460  12  227
1448  12  225
1456  11  224
1460  11  223
1452  11  222
1460  11  221
1452  11  220
1452  11  220
1452  11  219
1444  11  219
1448  12  219
1452  12  218
1448  13  218
1452  13  219
1440  14  219
1448  15  219
1436  15  219
1460  16  220
1440  17  220
1440  18  221
1396  19  221
1404  20  222
1412  20  223
1404  21  223
1424  22  223
1412  24  224
1396  25  224
1448  26  225
1444  27  225
1448  28  226
1448  28  226
1440  29  226
1448  30  226
1440  30  226
1440  30  227
1456  31  227
1440  31  227
1452  31  227
1448  32  226
1440  32  226
1452  32  226
1444  32  225
1448  32  225
1448  32  224
1448  32  223
1456  32  222
1448  32  221
1456  31  219
1448  31  218
1452  31  217
1448  31  215
1452  30  213
1456  30  211
1444  30  209
1460  29  207
1448  29  205
1456  28  203
1448  27  200
1444  27  198
1448  26  196
1452  25  194
1456  24  191
1444  23  189
1440  22  186
1444  22  184
1396  21  181
1416  20  178
1408  19  176
1420  18  173
1416  17  170
1420  16  167
1416  15  164
1408  14  162
1404  13  159
1456  12  157
1444  11  154
1448  10  151
1456  9  149
1392  8  147
1380  8  145
1380  7  142
1380  6  140
1396  6  138
1384  5  137
1376  5  135
1400  4  133
1384  4  131
1380  4  130
1400  3  128
1380  3  127
1372  3  125
1396  3  124
1384  3  123
1388  3  122
1384  3  121
1376  3  121
1392  3  120
1368  3  120
1380  4  120
1380  4  120
1376  4  120
1372  5  120
1376  5  120
1376  6  120
1372  7  120
1372  7  120
1372  8  120
1324  9  120
1344  10  121
1408  11  121
1412  12  121
1412  13  121
1396  14  121
1392  15  121
1456  16  121
1440  17  121
1440  17  121
1444  18  121
1448  19  121
1436  19  121
1448  20  121
1448  20  121
1448  20  121
1452  21  121
1448  21  121
1444  21  121
1456  21  120
1444  21  120
1456  21  119
1444  21  118
1448  21  117
1452  21  116
1444  21  115
1456  21  113
1448  21  112
1452  21  110
1448  20  108
1448  20  107
1452  20  105
1452  19  103
1460  19  101
1448  18  99
1380  18  97
1396  17  95
1380  17  93
1376  16  91
1396  15  89
1372  14  87
1392  14  85
1368  13  82
1380  12  80
1380  11  77
1372  11  75
1336  10  72
1344  9  70
1276  8  67
1284  7  65
1284  6  62
1284  5  60
1276  5  58
1272  4  56
1272  3  54
1272  2  52
1308  1  50
1292  0  47
1296  0  45
1320  -1  43
1340  -2  42
1328  -3  40
1352  -4  38
1340  -4  36
1344  -5  35
1328  -5  33
1360  -6  31
1340  -6  30
1336  -6  28
1352  -6  27
1340  -6  26
1328  -6  24
1356  -6  23
1340  -6  22
1328  -6  22
1356  -6  21
1336  -6  21
1340  -6  20
1328  -6  20
1348  -6  20
1328  -5  20
1332  -5  20
1348  -4  20
1328  -4  20
1332  -3  20
1336  -2  20
1328  -2  20
1288  -1  20
1276  0  21
1264  0  21
1268  1  21
1280  2  21
1276  3  21
1276  4  21
1268  4  22
1260  5  22
1300  6  22
1312  7  22
1304  7  22
1308  8  22
1312  8  22
1316  9  23
1300  9  23
1308  10  23
1376  10  23
1376  10  23
1372  10  23
1380  10  23
1392  11  23
1376  11  22
1392  11  22
1380  11  22
1380  11  21
1396  11  20
1384  11  19
1396  11  18
1376  11  17
1380  11  16
1388  11  15
1376  11  14
1384  10  13
1396  10  11
1384  9  10
1316  9  9
1264  9  7
1248  9  6
1248  8  4
1244  8  3
1248  7  2
1232  7  0
1240  7  -1
1264  6  -3
1268  5  -4
1276  5  -6
1264  5  -8
1268  4  -9
1264  3  -11
1328  3  -13
1328  2  -15
1292  1  -17
1284  1  -18
1280  0  -20
1272  0  -22
1292  -1  -24
1308  -1  -25
1332  -2  -27
1320  -3  -29
1336  -3  -31
1340  -4  -32
1320  -5  -34
1316  -5  -36
1320  -6  -37
1320  -6  -39
1308  -7  -40
1368  -8  -41
1360  -8  -43
1352  -9  -44
1360  -9  -45
1368  -10  -46
1420  -10  -47
1424  -10  -48
1428  -10  -49
1420  -10  -49
1428  -10  -50
1424  -10  -51
1416  -10  -51
1428  -10  -52
1416  -10  -52
1424  -10  -52
1416  -10  -52
1420  -9  -52
1360  -9  -52
1304  -8  -52
1316  -7  -52
1312  -7  -52
1332  -6  -52
1320  -5  -52
1316  -5  -52
