5428  0  0
1184  1  -1
1220  1  -1
1228  1  -1
1232  1  -1
1228  1  -1
1224  1  -1
1224  1  -1
1228  1  -1
1232  1  -1
1224  1  -1
1228  1  -1
1228  1  -1
1224  1  -1
1232  1  -1
1228  1  -1
1228  1  -1
1224  1  -1
1224  1  -1
1236  1  -1
1224  1  -1
1224  1  -1
1228  1  -1
1224  1  -1
1236  1  -1
1224  1  -1
1228  1  -1
1228  1  -1
1224  1  -1
1232  1  -1
1228  1  -1
1224  1  -1
1224  1  -1
1228  1  -1
1232  1  -1
1228  1  -1
1224  1  -1
1228  1  -1
1224  1  -1
1228  1  -1
1232  1  -1
1228  1  -1
1224  1  -1
1224  1  -1
1228  1  -1
1232  1  -1
1228  1  -1
1224  1  -1
1224  1  -1
1228  1  -1
1232  1  -1
1224  1  -1
1228  1  -1
1228  1  -1
1224  1  -1
1236  1  -1
1224  1  -1
1228  1  -1
1224  1  -1
1224  1  -1
1236  1  -1
1224  1  -1
1224  1  -1
1228  1  -1
1228  1  -1
1232  1  -1
1228  1  -1
1224  1  -1
1228  1  -1
1224  1  -1
1236  1  -1
1224  1  -1
1224  1  -1
1224  1  -1
1228  1  -1
1232  1  -1
1228  1  -1
1224  1  -1
1228  1  -1
1228  1  -1
1228  1  -1
1228  1  -1
1228  1  -1
1224  1  -1
1224  1  -1
1236  1  -1
1224  1  -1
1228  1  -1
1224  1  -1
1224  1  -1
1236  1  -1
1224  1  -1
1228  1  -1
1228  1  -1
1224  1  -1
1232  1  -1
1228  1  -1
1224  1  -1
1228  1  -1
1224  1  -1
1236  1  -1
1224  1  -1
1224  1  -1
1224  1  -1
1228  1  -1
1232  1  -1
1228  1  -1
1228  1  -1
1224  1  -1
1228  1  -1
1232  1  -1
1228  1  -1
1224  1  -1
1224  1  -1
1224  1  -1
1236  1  -1
1224  1  -1
1228  1  -1
1224  1  -1
1228  1  -1
1232  1  -1
1228  1  -1
1228  1  -1
1224  1  -1
1224  1  -1
1236  1  -1
1224  1  -1
1224  1  -1
1228  1  -1
1224  1  -1
1236  1  -1
1224  1  -1
1224  1  -1
1228  1  -1
1228  1  -1
1232  1  -1
1228  1  -1
1224  1  -1
1224  1  -1
1228  1  -1
1232  1  -1
1228  1  -1
1224  1  -1
1224  1  -1
1224  2  -1
1228  2  -1
1220  2  -1
1224  2  -1
1220  2  -1
1220  2  -1
1224  2  -2
1220  2  -2
1220  2  -2
1216  2  -2
1220  2  -2
1220  2  -2
1224  2  -2
1220  2  -2
1216  2  -2
1220  2  -2
1220  2  -2
1224  2  -2
1220  2  -2
1216  2  -2
1220  2  -2
1220  2  -2
1224  2  -2
1216  2  -2
1220  2  -3
1216  2  -3
1216  2  -3
1224  2  -3
1232  1  -3
1228  1  -3
1228  1  -3
1232  1  -3
1232  1  -3
1232  1  -3
1228  1  -3
1232  1  -3
1224  1  -4
1232  1  -4
1224  1  -4
1224  1  -4
1224  1  -4
1224  1  -4
1232  1  -4
1224  1  -4
1224  1  -4
1224  1  -4
1224  1  -4
1224  1  -4
1232  1  -4
1224  1  -4
1224  1  -4
1224  1  -4
1224  1  -4
1232  1  -4
1224  1  -4
1224  1  -4
1224  1  -4
1224  1  -4
1232  1  -4
1224  1  -4
1224  1  -4
1224  1  -4
1224  1  -4
1232  1  -4
1224  1  -4
1224  1  -4
1228  1  -4
1220  1  -4
1232  1  -4
1224  1  -4
1224  1  -4
1224  1  -4
1224  1  -4
1232  1  -4
1224  1  -4
1224  1  -4
1224  1  -4
1228  1  -4
1228  1  -4
1224  2  -4
1224  2  -4
1224  2  -4
1224  2  -4
1228  2  -4
1224  2  -4
1224  2  -4
1224  2  -5
1220  2  -5
1228  2  -5
1220  2  -5
1220  2  -5
1228  2  -5
1220  2  -5
1228  2  -5
1220  2  -5
1220  2  -5
1224  2  -5
1220  2  -5
1220  2  -5
1232  2  -5
1220  2  -6
1220  2  -6
1220  2  -6
1220  2  -6
1224  2  -6
1224  1  -6
1216  1  -6
1228  1  -7
1228  1  -7
1228  1  -7
1228  1  -7
1224  1  -7
1224  1  -7
1224  1  -7
1236  1  -7
1224  1  -8
1228  1  -8
1224  1  -8
1224  1  -8
1232  1  -8
1224  1  -8
1212  0  -8
1212  0  -8
1216  0  -8
1220  0  -8
1212  0  -8
1212  0  -8
1216  0  -8
1208  0  -8
1216  0  -8
1228  0  -9
1216  0  -9
1220  0  -9
1220  0  -9
1216  0  -9
1228  0  -9
1216  0  -9
1220  0  -9
1220  0  -9
1216  0  -9
1224  0  -9
1220  0  -9
1220  0  -9
1216  0  -9
1220  0  -9
1224  0  -9
1220  0  -9
1220  0  -9
1220  1  -9
1228  1  -9
1228  1  -9
1224  1  -9
1228  1  -9
1224  1  -9
1220  1  -9
1224  1  -9
1232  1  -9
1224  1  -9
1224  1  -9
1224  1  -9
1228  1  -9
1228  1  -9
1224  1  -9
1224  1  -9
1224  1  -9
1224  1  -9
1228  1  -9
1228  1  -9
1224  1  -9
1224  1  -9
1220  1  -9
1236  1  -9
1220  1  -9
1224  1  -9
1224  1  -9
1228  1  -9
1228  1  -9
1224  1  -9
1224  1  -9
1224  1  -9
1224  1  -9
1232  1  -9
1224  1  -9
1224  1  -9
1224  1  -9
1224  1  -9
1232  1  -9
1224  1  -9
1220  1  -9
1224  1  -9
1228  1  -9
1228  1  -9
1224  1  -9
1224  1  -10
1284  1  -10
1284  1  -10
1296  1  -10
1288  1  -10
1292  1  -10
1292  1  -10
1288  1  -10
1288  1  -10
1288  1  -10
1296  1  -10
1288  1  -10
1288  1  -10
1284  1  -10
1296  1  -10
1292  1  -10
1284  1  -10
1288  1  -10
1296  1  -10
1292  1  -10
1284  1  -10
1288  1  -10
1296  1  -10
1288  1  -10
1288  1  -10
1288  1  -10
1296  1  -10
1284  1  -11
1288  1  -11
1284  1  -11
1296  1  -11
1272  0  -11
1280  0  -11
1276  0  -11
1284  0  -11
1280  0  -11
1276  0  -11
1280  0  -11
1280  0  -11
1280  0  -11
1276  0  -11
1280  0  -11
1284  0  -11
1276  0  -11
1280  0  -11
1276  0  -11
1284  0  -11
1276  0  -11
1280  0  -11
1272  0  -11
1288  0  -11
1276  0  -11
1276  0  -11
1280  0  -11
1284  0  -11
1276  0  -11
1300  -1  -11
1328  -1  -11
1328  -1  -11
1324  -1  -11
1328  -1  -11
1336  -1  -10
1328  -1  -10
1328  -1  -10
1336  -1  -10
1332  -1  -10
1328  -1  -10
1336  -1  -10
1328  -1  -10
1324  -2  -10
1320  -2  -10
1328  -2  -10
1320  -2  -10
1324  -2  -10
1324  -2  -10
1320  -2  -10
1324  -2  -10
1324  -2  -10
1324  -2  -10
1316  -3  -10
1308  -3  -10
1320  -3  -10
1316  -3  -9
1248  -3  -9
1248  -3  -9
1252  -4  -8
1240  -4  -8
1244  -4  -8
1288  -4  -7
1280  -4  -7
1288  -4  -7
1288  -4  -6
1284  -4  -6
1292  -4  -5
1284  -4  -5
1288  -4  -4
1244  -3  -3
1240  -3  -3
1256  -3  -2
1244  -3  -1
1248  -3  -1
1232  -2  0
1212  -2  0
1236  -2  1
1228  -1  1
1232  -1  2
1228  -1  3
1216  0  4
1200  0  4
1200  0  5
1216  1  6
1208  1  6
1204  1  7
1216  2  8
1204  2  8
1200  2  9
1208  2  10
1260  3  11
1272  3  11
1268  3  12
1268  3  13
1260  4  13
1272  4  14
1264  4  15
1260  4  15
1268  4  16
1304  5  16
1308  5  17
1300  5  17
1300  5  17
1268  5  18
1260  5  18
1256  5  18
1260  5  18
1260  5  18
1268  5  19
1256  5  19
1260  5  19
1260  5  19
1268  5  19
1260  5  19
1260  5  19
1264  4  19
1268  4  19
1268  4  19
1260  4  19
1268  3  19
1276  3  19
1268  3  19
1268  3  19
1272  2  19
1272  2  18
1276  2  18
1272  1  18
1276  1  18
1272  1  18
1284  1  18
1252  0  18
1252  0  18
1244  0  18
1272  0  18
1248  0  18
1256  0  18
1244  0  18
1256  0  18
1264  0  18
1256  0  18
1252  0  18
1244  0  18
1268  0  18
1252  0  18
1256  0  18
1252  0  19
1260  0  19
1252  0  19
1256  0  19
1244  0  20
1252  0  20
1264  0  20
1252  0  21
1252  0  21
1240  0  22
1260  0  22
1248  0  23
1236  0  23
1280  1  24
1264  1  24
1276  1  25
1264  1  25
1268  1  26
1272  2  26
1288  2  26
1272  2  27
1276  2  27
1276  2  28
1280  2  28
1276  3  29
1264  3  29
1288  3  30
1292  3  30
1288  3  31
1288  3  31
1284  3  31
1280  3  32
1280  4  32
1276  4  33
1268  4  33
1292  4  34
1272  4  34
1276  4  35
1276  4  35
1284  4  36
1280  4  36
1276  4  36
1280  4  36
1284  4  37
1272  4  37
1272  4  37
1276  4  37
1272  4  38
1260  4  38
1260  4  38
1260  4  38
1284  3  38
1280  3  39
1276  3  39
1272  3  39
1284  3  39
1272  3  39
1280  3  40
1272  3  40
1280  3  40
1268  2  40
1264  2  41
1260  2  41
1268  2  41
1268  2  42
1260  2  42
1260  2  42
1264  2  43
1272  1  43
1260  1  43
1260  1  43
1304  1  44
1312  1  44
1304  1  45
1300  1  45
1316  1  46
1300  1  46
1308  1  47
1304  1  48
1312  1  48
1264  2  49
1256  2  49
1264  2  50
1272  2  51
1260  2  51
1264  3  52
1264  3  53
1268  3  54
1272  3  54
1272  4  55
1264  4  56
1268  4  57
1276  4  58
1276  5  58
1280  5  59
1280  5  60
1280  6  61
1280  6  62
1268  6  63
1268  6  63
1288  7  64
1280  7  65
1276  7  66
1276  7  67
1280  7  68
1264  7  68
1268  7  69
1272  8  70
1284  8  71
1268  8  71
1280  8  72
1276  8  72
1280  8  73
1280  8  74
1276  8  74
1280  8  75
1284  8  75
1280  8  76
1276  8  77
1272  8  77
1284  8  78
1268  8  78
1268  8  78
1272  8  79
1276  8  79
1280  8  80
1280  8  80
1276  8  80
1284  8  80
1280  8  81
1280  8  81
1276  7  81
1276  7  81
1272  7  82
1268  7  82
1268  7  82
1272  6  82
1260  6  82
1260  6  83
1252  6  83
1260  5  83
1312  5  84
1296  5  84
1300  5  84
1320  4  85
1304  4  85
1308  4  86
1308  4  86
1320  4  87
1304  4  87
1304  4  88
1300  4  88
1316  4  89
1300  4  89
1308  4  90
1308  4  90
1308  4  91
1304  4  92
1300  4  92
1320  4  93
1312  4  94
1308  4  95
1316  4  96
1312  4  97
1304  5  98
1308  5  99
1312  5  101
1368  5  102
1372  6  103
1384  6  104
1376  6  106
1368  7  107
1380  7  108
1332  8  110
1328  8  111
1340  8  112
1332  9  114
1336  9  115
1344  10  116
1408  11  118
1412  11  119
1416  12  120
1428  12  122
1416  13  123
1416  13  124
1408  13  126
1408  14  127
1408  14  128
1404  14  130
1416  14  131
1408  14  132
1412  15  134
1408  15  135
1400  15  136
1412  15  137
1400  15  137
1404  16  138
1404  16  139
1396  16  140
1400  16  141
1400  16  141
1404  16  142
1408  16  142
1396  16  142
1404  16  143
1408  16  143
1412  15  143
1408  15  144
1412  15  144
1396  14  144
1400  14  144
1408  14  145
1408  13  145
1412  13  145
1396  12  145
1392  12  145
1400  12  145
1448  11  146
1432  11  146
1452  10  146
1428  10  146
1460  9  146
1376  9  147
1372  9  147
1392  8  147
1380  8  147
1380  8  147
1376  8  148
1368  8  148
1396  7  149
1368  7  149
1384  7  150
1376  7  150
1388  7  151
1372  7  152
1384  7  152
1388  7  153
1376  7  154
1396  7  155
1384  7  156
1376  8  157
1384  8  158
1380  8  160
1380  8  161
1396  8  162
1368  9  164
1376  9  165
1384  9  167
1376  10  168
1448  10  170
1448  11  172
1444  11  174
1452  12  175
1444  12  177
1444  13  179
1440  14  181
1444  14  183
1396  15  185
1404  16  187
1420  17  189
1408  17  191
1408  18  193
1412  19  195
1416  20  196
1404  21  198
1416  21  200
1400  22  202
1412  22  204
1400  23  206
1396  23  207
1456  24  209
1388  24  211
1456  25  212
1436  25  214
1432  25  215
1456  26  216
1444  26  218
1452  26  219
1444  27  220
1440  27  221
1448  27  222
1436  27  222
1448  27  223
1436  27  223
1432  27  224
1444  27  224
1440  26  224
1436  26  224
1440  26  224
1388  25  224
1400  25  224
1400  24  224
1404  24  224
1412  23  224
1416  22  224
1416  22  224
1404  21  224
1396  20  224
1404  20  224
1396  19  224
1456  18  224
1432  18  224
1436  17  224
1460  16  224
1444  16  224
1452  16  224
1440  15  224
1428  15  224
1456  15  224
1436  15  224
1444  15  224
1436  15  224
1432  15  224
1456  15  225
1432  15  225
1460  15  226
1440  15  227
1456  15  228
1444  15  229
1444  15  230
1456  15  231
1444  15  232
1456  15  234
1448  16  235
1448  16  236
1452  16  238
1448  17  239
1448  17  241
1440  17  243
1448  18  244
1452  19  246
1440  19  248
1452  20  250
1440  21  251
1444  21  253
1388  22  255
1412  23  257
1416  24  259
1424  25  260
1416  25  262
1448  26  264
1412  27  266
1420  28  267
1404  29  269
1400  29  271
1408  29  272
1404  30  274
1456  31  276
1448  31  277
1452  32  279
1456  32  280
1444  32  281
1456  33  282
1452  33  283
1444  33  284
1460  34  285
1448  34  286
1456  34  287
1444  34  287
1456  34  288
1452  33  288
1444  33  288
1448  33  288
1448  33  288
1448  32  288
1436  32  288
1396  31  288
1408  31  288
1400  30  288
1396  30  288
1424  29  288
1412  28  288
1420  28  287
1412  27  287
1408  27  287
1412  26  286
1396  26  286
1396  26  286
1416  25  285
1392  25  285
1404  25  285
1448  24  285
1444  24  284
1444  24  284
1436  24  284
1444  24  284
1436  24  284
1428  24  284
1452  24  284
1428  24  284
1408  25  284
1392  25  284
1392  25  284
1404  25  284
1400  26  284
1400  26  284
1412  26  285
1404  27  285
1412  27  285
1404  27  285
1420  28  285
1420  28  285
1416  28  285
1424  29  285
1412  29  286
1408  29  286
1416  29  286
1404  29  286
1408  29  286
1416  29  286
1408  29  286
1412  29  286
1412  29  286
1404  29  286
1416  29  286
1408  29  286
1404  29  286
1416  29  286
1412  29  286
1424  29  285
1416  29  285
1412  29  285
1420  29  284
1412  29  284
1408  29  283
1416  29  283
1404  29  283
1420  29  282
1408  28  282
1404  28  281
1404  28  281
1400  28  281
1412  28  280
1412  28  280
1408  28  280
1424  28  279
1412  28  279
1420  28  278
1424  28  278
1420  27  277
1412  27  277
1416  27  276
1404  27  276
1412  27  276
1420  27  275
1408  27  275
1440  27  274
1420  27  274
1436  27  273
1412  27  272
1400  27  272
1408  27  272
1420  26  271
1420  26  271
1420  26  270
1412  26  270
1424  26  270
1420  26  269
1408  26  269
1432  26  268
1416  26  268
1420  26  267
1408  26  267
1412  26  266
1408  26  266
1412  26  265
1408  26  265
1440  26  264
1428  26  264
1432  26  264
1428  26  263
1420  26  263
1424  26  262
1404  26  262
1408  26  261
1416  25  261
1412  25  261
1424  25  260
1416  25  260
1420  25  260
1420  25  259
1408  25  259
1432  25  258
1412  25  258
1416  25  257
1420  25  257
1408  25  257
1412  25  256
1396  25  256
1396  25  256
1420  25  255
1408  26  255
1412  26  255
1412  26  254
1408  26  254
1412  26  253
1400  26  253
1408  26  252
1408  26  252
1400  26  252
1412  26  251
1408  26  251
1404  26  251
1416  26  250
1404  26  249
1400  26  249
1408  26  248
1400  26  248
1404  26  247
1408  26  247
1408  26  246
1408  26  246
1400  26  245
1404  26  244
1400  26  244
1404  26  243
1400  26  242
1404  26  241
1392  26  241
1412  26  240
1400  26  239
1400  26  238
1408  25  237
1408  25  236
1400  25  236
1408  25  235
1404  25  234
1412  24  233
1416  24  232
1408  24  231
1416  24  230
1424  23  229
1416  23  228
1420  23  227
1416  23  226
1416  22  225
1416  22  224
1428  22  223
1424  22  222
1416  21  221
1412  21  220
1428  21  219
1412  21  218
1416  21  217
1416  20  216
1408  20  215
1416  20  214
1412  20  213
1408  20  213
1416  20  212
1408  20  211
1416  19  210
1404  19  209
1400  19  208
1400  19  208
1408  19  207
1408  19  207
1412  19  206
1408  19  205
1412  19  205
1408  19  204
1408  19  203
1412  19  203
1412  19  202
1424  19  201
1408  19  201
1412  19  200
1412  19  200
1416  19  199
1412  19  199
1416  19  199
1420  20  198
1416  20  197
1408  20  197
1404  20  197
1420  20  196
1412  20  196
1408  20  195
1416  20  195
1404  20  195
1424  20  194
1400  21  194
1400  21  193
1408  21  193
1400  21  192
1400  21  191
1400  22  191
1396  22  190
1396  22  190
1448  22  189
1428  22  188
1440  22  188
1444  22  187
1448  22  186
1440  22  185
1392  21  184
1404  21  183
1396  21  182
1396  21  182
1404  21  181
1408  20  180
1412  20  179
1400  20  178
1400  20  177
1412  20  176
1408  19  175
1408  19  173
1408  19  172
1400  19  171
1424  18  170
1408  18  168
1404  18  167
1404  18  166
1420  17  165
1412  17  163
1420  17  162
1412  16  161
1420  16  159
1420  16  158
1416  16  157
1420  15  156
1404  15  155
1416  14  153
1416  14  152
1416  14  151
1420  14  150
1404  13  148
1404  13  147
1412  13  146
1404  12  145
1404  12  144
1400  12  143
1400  12  142
1412  11  141
1396  11  140
1392  11  140
1404  11  139
1400  11  138
1412  11  137
1396  11  137
1400  11  136
1408  11  135
1400  11  135
1400  11  134
1400  11  134
1400  11  133
1400  11  133
1408  11  132
1404  12  132
1412  12  132
1412  12  131
1420  13  131
1420  13  131
1404  13  130
1404  14  130
1412  14  130
1404  14  130
1412  14  130
1400  15  130
1392  15  129
1400  15  129
1392  15  129
1448  16  128
1440  16  128
1428  16  128
1448  16  127
1444  17  127
1432  17  127
1460  17  126
1428  17  126
1456  17  125
1440  17  124
1444  17  124
1440  17  123
1436  17  122
1452  17  121
1440  17  121
1448  17  120
1444  16  119
1440  16  118
1452  16  117
1444  16  116
1444  16  115
1440  16  114
1440  15  113
1452  15  111
1432  15  110
1408  14  109
1440  14  107
1428  14  106
1412  13  105
1396  13  103
1412  12  102
1400  12  101
1412  11  99
1356  11  98
1332  11  96
1356  10  95
1352  10  94
1348  10  93
1360  9  91
1284  9  90
1284  8  89
1284  8  88
1276  8  86
1272  7  85
1284  7  84
1276  7  83
1264  6  82
1272  6  81
1276  6  80
1268  6  79
1272  5  78
1264  5  77
1272  5  76
1268  5  75
1300  4  75
1304  4  74
1272  4  73
1260  4  73
1264  4  72
1256  4  72
1272  4  71
1260  4  71
1260  4  71
1268  4  70
1264  4  70
1260  4  70
1268  5  70
1272  5  69
1272  5  69
1268  5  69
1268  6  69
1272  6  69
1264  7  69
1272  7  69
1272  8  69
1272  8  69
1268  8  69
1272  9  69
1260  9  69
1260  10  69
1320  10  69
1376  11  69
1368  11  69
1372  11  69
1380  12  69
1368  12  69
1372  12  69
1376  12  69
1368  12  69
1372  12  69
1376  12  69
1380  13  68
1380  13  68
1376  13  68
1376  13  68
1396  13  67
1368  13  67
1380  13  66
1380  13  66
1376  13  65
1376  13  64
1380  13  64
1372  13  63
1376  13  62
1384  13  61
1392  12  60
1368  12  59
1396  12  58
1380  12  57
1376  12  56
1388  11  55
1376  11  54
1380  11  53
1380  10  52
1376  10  51
1384  9  50
1316  9  49
1304  8  48
1300  8  46
1316  8  45
1264  7  44
1264  7  43
1272  6  42
1276  6  41
1280  5  40
1268  5  39
1272  5  37
1292  4  36
1276  4  35
1280  4  34
1268  3  33
1284  3  32
1280  2  31
1272  2  30
1280  2  29
1280  1  28
1272  1  27
1268  1  27
1248  0  26
1252  0  25
1260  0  25
1256  0  24
1252  0  24
1308  -1  23
1328  -1  23
1288  -1  22
1284  -1  22
1296  -1  22
1284  -1  22
1288  -1  21
1284  -1  21
1292  -1  21
1272  0  21
1260  0  21
1240  0  21
1276  1  21
1280  1  21
1276  2  21
1276  2  21
1280  3  21
1280  3  21
1272  4  22
1264  4  22
1264  5  22
1268  5  22
1260  5  22
1300  6  22
1300  6  22
1308  7  23
1300  7  23
1304  7  23
1308  7  23
1300  7  23
1300  7  23
1300  7  23
1308  7  23
1300  7  23
1300  7  23
1300  7  23
1312  7  23
1300  7  23
1300  7  23
1308  7  23
1304  7  22
1300  7  22
1312  7  21
1308  7  21
1308  7  20
1300  7  20
1308  7  19
1312  7  19
1308  7  18
1304  6  18
1316  6  17
1312  6  16
1304  6  16
1316  6  15
1312  5  14
1300  5  14
1308  5  13
1264  4  12
1264  4  12
1260  4  11
1264  4  10
1268  3  10
1272  3  9
1204  3  8
1208  2  8
1204  2  7
1204  2  7
1208  2  6
1212  1  6
1212  1  5
1216  1  4
1208  1  4
1188  0  3
1196  0  3
1184  0  2
1184  0  2
1196  0  1
1188  0  1
1208  -1  1
1216  -1  0
1220  -1  0
1216  -1  0
1240  -1  -1
1256  -1  -1
1268  -1  -1
1264  -1  -1
1260  -1  -1
1264  -1  -1
1268  -1  -1
1264  -1  -1
1260  -1  -1
1264  -1  -1
1272  -1  -1
1260  -1  -1
1264  -1  -1
1260  -1  -1
1264  -1  -1
1248  0  -1
1220  0  -1
1212  0  -1
1216  0  -1
1216  0  -1
1220  0  -1
1224  1  -1
1228  1  -1
1228  1  -1
1224  1  -1
1236  1  -1
1216  1  0
1188  1  0
1184  2  0
1188  2  0
1180  2  0
1188  2  0
1184  2  0
1180  2  0
1188  2  0
1180  2  0
1184  2  0
1188  2  0
1184  2  0
1184  2  0
1184  2  0
1180  2  0
1184  2  0
1192  1  0
1208  1  0
1184  1  0
1192  1  0
1192  1  0
1192  1  0
1192  1  0
1208  1  0
1184  1  0
1192  1  0
1192  1  0
1192  1  0
1192  1  0
1204  1  0
1184  1  0
1072  0  0
1072  0  0
1076  0  0
1072  0  0
1072  0  0
1076  0  0
1076  0  0
1076  0  0
1072  0  0
1072  0  0
1076  0  0
1072  0  0
1076  0  0
1076  0  0
1080  0  0
1076  0  0
1072  0  0
1072  0  0
1076  0  0
1072  0  0
1076  0  0
1072  0  0
1072  0  0
1076  0  0
1076  0  0
1076  0  0
1072  0  0
1072  0  0
1200  0  1
1200  0  1
1188  0  1
1192  0  1
1188  0  1
1196  0  1
1192  0  1
1188  0  1
1192  0  2
1180  0  2
1184  0  2
1180  0  2
1180  0  2
1180  0  2
1188  0  2
1180  0  2
1184  0  2
1184  0  2
1180  0  2
1180  0  2
1204  0  3
1204  -1  3
1224  -1  3
1232  -1  3
1228  -1  3
1236  -1  3
1232  -1  3
1228  -1  4
1224  -1  4
1228  -1  4
1224  -1  4
1232  -1  4
1224  -1  4
1228  -1  5
1224  -1  5
1228  -1  5
1232  -1  5
1220  -2  6
1224  -2  6
1220  -2  6
1220  -2  7
1228  -2  7
1220  -2  8
1216  -2  8
1220  -2  9
1220  -2  10
1288  -2  10
1292  -1  11
1284  -1  11
1288  -1  12
1292  -1  12
1284  -1  13
1292  -1  14
1280  0  15
1264  0  16
1248  0  16
1260  0  17
1280  1  18
1280  1  18
1280  1  19
1296  2  20
1292  2  20
1288  2  21
1280  3  22
1276  3  23
1272  3  23
1288  3  24
1276  3  25
1280  3  26
1272  4  27
1276  4  28
1272  4  28
1268  4  29
1272  4  30
1272  4  30
1272  5  31
1264  5  32
1264  5  32
1280  5  33
1272  5  34
1268  5  34
1268  5  35
1272  5  35
1268  5  36
1264  5  36
1268  5  36
1276  5  37
1272  5  37
1272  5  38
1272  5  38
1268  5  39
1276  5  39
1276  5  40
1268  5  40
1272  5  40
1284  5  41
1272  5  41
1268  5  41
1272  4  42
1272  4  42
1268  4  42
1268  4  42
1264  4  43
1272  4  43
1264  4  43
1272  3  43
1268  3  43
1280  3  43
1268  3  43
1268  3  43
1276  3  44
1272  2  44
1264  2  44
1264  2  44
1268  2  45
1308  1  45
1304  1  45
1304  1  46
1304  1  46
1312  1  47
1288  0  47
1292  0  48
1288  0  48
1300  0  49
1292  0  50
1284  0  50
1296  0  51
1300  0  52
1292  0  53
1296  0  54
1300  0  54
1312  1  55
1308  1  56
1304  1  57
1312  1  58
1308  2  59
1304  2  60
1308  2  62
1268  3  63
1308  3  64
1300  3  65
1276  4  67
1264  4  68
1268  5  69
1268  5  71
1272  6  72
1284  6  73
1272  7  75
1280  7  76
1276  8  77
1284  8  78
1276  9  79
1272  9  81
1280  9  82
1280  10  83
1332  10  84
1336  11  86
1344  11  87
1336  11  88
1328  11  89
1340  12  90
1332  12  91
1328  12  92
1328  12  93
1336  12  94
1332  12  95
1328  12  96
1340  12  97
1336  12  98
1328  12  99
1332  12  99
1332  12  100
1384  12  100
1400  12  100
1400  12  101
1396  12  101
1408  12  102
1408  11  102
1408  11  102
1420  11  103
1408  10  103
1412  10  103
1404  10  103
1408  9  103
1352  9  103
1336  9  103
1328  8  103
1332  8  103
1328  8  104
1332  7  104
1324  7  104
1380  6  104
1372  6  104
1372  5  105
1380  5  105
1376  4  105
1376  4  105
1396  4  106
1372  4  106
1396  3  107
1364  3  107
1380  3  108
1384  3  108
1380  3  109
1380  3  110
1384  3  110
1384  3  111
1376  3  112
1396  3  113
1384  3  114
1376  3  115
1392  3  116
1384  3  117
1372  4  118
1388  4  120
1380  4  121
1380  4  123
1388  5  124
1372  5  126
1396  6  127
1364  6  129
1380  7  131
1396  7  133
1376  8  135
1376  8  136
1388  9  138
1364  9  140
1376  10  142
1400  11  144
1404  12  146
1400  12  148
1412  13  150
1416  14  152
1408  15  154
1412  15  156
1420  16  158
1420  17  160
1404  18  162
1404  18  164
1412  19  165
1400  19  167
1408  19  169
1400  20  171
1400  20  172
1452  21  174
1440  21  176
1456  22  177
1444  22  178
1432  22  180
1460  22  181
1448  23  182
1444  23  183
1440  23  184
1432  23  185
1452  23  186
1428  23  186
1456  23  187
1440  23  187
1432  22  187
1448  22  187
1440  22  188
1396  21  188
1396  21  188
1400  20  188
1404  20  188
1416  19  188
1412  19  188
1416  18  188
1408  17  188
1404  16  188
1396  16  188
1436  15  188
1440  15  188
1448  14  188
1452  13  188
1440  13  188
1432  12  188
1452  12  188
1444  11  188
1444  11  188
1440  11  188
1452  10  188
1448  10  188
1452  10  189
1448  10  189
1452  10  190
1452  10  190
1452  10  191
1448  10  192
1456  10  193
1452  10  194
1456  10  195
1444  10  196
1444  10  197
1456  10  199
1444  10  200
1460  11  202
1452  11  203
1456  11  205
1456  12  207
1444  12  209
1456  13  210
1452  13  212
1448  14  214
1444  15  216
1452  16  218
1448  16  220
1448  17  223
1452  18  225
1440  19  227
1400  20  230
1396  20  232
1400  21  234
1420  22  236
1412  23  239
1408  24  241
1416  25  243
1404  26  245
1404  27  247
1400  27  249
1396  28  251
1460  29  253
1440  30  255
1444  30  257
1456  31  259
1456  32  260
1456  32  262
1448  33  263
1456  33  265
1444  33  266
1444  33  268
1460  33  269
1456  34  270
1456  34  271
1440  34  271
1448  34  272
1448  34  272
1456  33  273
1452  33  273
1444  33  273
1452  32  273
1440  32  273
1444  31  273
1448  31  273
1396  30  272
1400  30  272
1404  29  272
1412  28  272
1420  28  271
1408  27  271
1424  26  270
1420  26  270
1404  25  270
1416  24  269
1444  23  269
1448  22  269
1456  22  268
1444  21  268
1460  20  268
1452  20  268
1444  19  268
1456  19  267
1440  19  267
1460  18  267
1448  18  267
1456  18  267
1456  18  268
1444  18  268
1456  18  268
1456  18  269
1452  18  269
1456  18  270
1460  18  271
1456  18  272
1452  19  273
1460  19  274
1452  19  275
1460  19  276
1452  20  278
1452  20  279
1456  21  281
1444  21  282
1460  22  284
1448  22  286
1452  23  287
1448  23  289
1448  24  291
1452  25  293
1444  25  294
1404  26  296
1404  27  298
1408  28  300
1424  29  302
1420  30  303
1424  30  305
1432  31  306
1408  32  308
1416  33  310
1404  33  311
1404  34  313
1412  34  314
1456  35  316
1456  36  317
1448  36  319
1456  37  320
1452  37  321
1448  37  322
1460  38  323
1448  38  324
1460  38  325
1444  38  325
1452  38  326
1456  38  327
1440  38  327
1452  37  327
1444  37  327
1432  37  327
1456  37  327
1444  36  327
1444  36  327
1392  35  327
1400  35  327
1416  34  327
1408  34  326
1424  33  326
1416  32  326
1432  32  325
1420  31  325
1412  31  324
1404  30  324
1416  30  323
1400  30  323
1408  29  323
1400  29  322
1448  28  322
1448  28  321
1444  27  321
1440  27  321
1440  27  321
1428  27  321
1460  26  321
1440  26  321
1452  26  321
1444  26  321
1440  26  321
1448  26  321
1436  26  321
1464  26  322
1440  26  322
1456  26  323
1444  26  323
1452  26  324
1444  27  324
1444  27  325
1452  27  326
1448  28  327
1436  28  327
1456  28  328
1440  29  329
1452  29  330
1444  29  332
1392  30  333
1408  30  334
1404  31  335
1408  31  336
1420  32  337
1416  32  338
1432  33  339
1424  34  340
1424  34  340
1412  35  341
1404  36  342
1408  36  343
1408  36  344
1404  36  345
1404  37  345
1404  37  346
1400  37  347
1456  38  347
1440  38  348
1444  38  348
1444  38  349
1444  38  349
1440  38  349
1428  38  349
1456  38  350
1440  38  350
1440  38  350
1440  38  350
1440  38  349
1404  37  349
1400  37  349
1404  37  349
1404  37  348
1408  36  348
1416  36  348
1408  36  347
1416  35  347
1424  35  346
1416  35  346
1420  34  346
1428  34  345
1428  34  344
1424  33  344
1424  33  343
1420  33  343
1416  32  342
1404  32  341
1404  32  341
1408  32  340
1404  31  340
1416  31  339
1400  31  339
1404  31  339
1448  30  339
1440  30  338
1448  30  338
1432  30  338
1448  30  338
1432  30  338
1432  30  338
1448  30  338
1440  30  338
1440  30  338
1440  30  338
1428  30  338
1412  31  338
1400  31  338
1400  31  338
1420  32  338
1408  32  338
1412  32  339
1420  33  339
1420  33  339
1428  33  339
1412  34  339
1428  34  340
1412  34  340
1416  34  340
1420  34  340
1416  34  340
1420  34  341
1416  34  341
1408  34  341
1416  35  341
1400  35  341
1400  35  341
1408  35  341
1404  35  341
1404  35  341
1412  35  340
1400  35  340
1412  35  340
1400  35  340
1400  35  340
1416  35  339
1400  35  339
1400  35  339
1420  35  338
1404  35  338
1408  35  338
1416  35  337
1404  35  337
1416  35  336
1400  35  336
1408  35  335
1424  34  335
1412  34  334
1412  34  334
1420  34  333
1408  34  333
1420  34  332
1412  34  332
1420  34  331
1416  33  331
1420  33  330
1428  33  329
1416  33  328
1416  33  328
1424  33  327
1408  33  327
1432  32  326
1428  32  325
1428  32  325
1440  32  324
1416  32  323
1412  32  322
1400  32  322
1416  32  321
1428  32  320
1416  31  320
1432  31  319
1416  31  318
1412  31  318
1412  31  317
1392  31  317
1416  31  316
1424  30  315
1408  30  315
1424  30  314
1420  30  313
1412  30  313
1428  30  312
1408  30  312
1416  30  311
1420  30  311
1416  30  310
1428  30  309
1416  30  308
1408  30  308
1416  30  307
1400  30  307
1416  30  306
1404  30  306
1400  30  306
1436  30  305
1424  30  304
1424  30  304
1428  30  303
1408  30  303
1420  30  302
1408  30  302
1420  30  301
1412  30  301
1424  30  300
1424  30  300
1420  30  299
1408  30  299
1428  30  298
1412  30  298
1420  30  297
1416  31  297
1404  31  296
1412  31  296
1408  31  295
1404  31  294
1412  31  293
1396  31  293
1404  31  292
1408  31  291
1396  31  291
1412  31  290
1404  31  289
1404  31  288
1420  30  287
1404  30  287
1412  30  286
1416  30  285
1408  30  284
1412  30  283
1420  29  282
1412  29  281
1416  29  280
1404  29  279
1408  29  278
1432  28  277
1416  28  276
1424  28  275
1420  28  274
1412  28  273
1420  27  272
1408  27  271
1428  27  269
1412  27  268
1416  27  267
1420  27  266
1420  26  265
1436  26  264
1428  26  263
1408  26  261
1420  26  260
1424  26  259
1424  25  258
1420  25  257
1404  25  256
1420  25  255
1424  25  254
1424  25  253
1424  24  251
1408  24  250
1420  24  249
1420  24  248
1412  24  247
1404  24  246
1412  24  245
1420  24  244
1420  23  243
1416  23  242
1416  23  241
1416  23  240
1412  23  239
1408  23  239
1416  23  238
1412  23  237
1412  23  236
1404  23  235
1432  23  234
1424  23  233
1416  23  232
1416  23  231
1412  23  230
1412  23  230
1420  23  229
1416  23  228
1424  23  227
1412  23  226
1408  23  225
1424  23  224
1404  23  224
1420  23  223
1408  23  222
1408  23  221
1416  23  220
1404  23  220
1404  23  219
1412  23  218
1400  23  217
1412  23  216
1404  23  215
1404  23  214
1408  23  213
1400  23  212
1400  23  211
1404  23  210
1404  23  209
1404  23  208
1400  23  207
1400  23  206
1404  23  205
1396  23  204
1396  23  203
1404  23  202
1400  22  200
1400  22  199
1408  22  198
1400  22  197
1420  21  196
1400  21  194
1400  21  193
1420  20  192
1412  20  190
1404  20  189
1412  20  188
1404  20  186
1416  20  185
1412  19  184
1412  19  182
1412  19  181
1408  19  179
1428  18  178
1416  18  176
1416  18  175
1420  18  173
1440  17  172
1400  17  170
1420  17  169
1412  17  167
1424  16  166
1404  16  165
1424  16  163
1432  16  162
1412  15  160
1428  15  159
1412  15  158
1412  15  156
1424  14  155
1412  14  154
1404  14  153
1424  14  151
1412  14  150
1424  14  149
1400  13  148
1408  13  146
1416  13  145
1412  13  144
1408  13  143
1416  13  142
1416  13  141
1412  13  140
1416  13  139
1420  13  138
1420  13  137
1420  13  136
1420  13  135
1404  13  134
1416  13  133
1432  13  132
1420  13  131
1404  13  130
1408  13  129
1400  13  129
1420  13  128
1416  13  127
1408  13  126
1416  13  125
1416  13  124
1404  13  124
1420  13  123
1412  13  122
1416  13  121
1400  13  121
1408  13  120
1416  13  119
1408  14  118
1408  14  118
1396  14  117
1396  14  116
1408  14  115
1400  14  114
1392  14  113
1404  14  112
1396  14  111
1392  14  111
1404  14  110
1396  14  109
1448  14  108
1436  14  107
1432  14  106
1452  14  105
1440  14  104
1444  14  102
1444  14  101
1432  14  100
1456  14  99
1372  14  98
1384  13  96
1368  13  95
1372  13  94
1380  13  92
1372  13  91
1332  12  90
1380  12  88
1372  12  87
1368  12  86
1344  11  84
1332  11  83
1328  11  81
1340  10  80
1340  10  79
1336  10  77
1336  9  76
1280  9  75
1268  9  73
1288  8  72
1272  8  71
1284  8  69
1276  7  68
1276  7  67
1280  7  65
1284  6  64
1272  6  63
1276  6  62
1284  6  60
1288  5  59
1280  5  58
1280  5  57
1280  5  56
1288  5  55
1276  4  54
1276  4  53
1272  4  52
1284  4  51
1280  4  50
1280  4  49
1276  4  48
1288  4  47
1280  4  46
1272  4  46
1284  4  45
1284  4  44
1268  4  43
1264  4  43
1268  4  42
1300  4  41
1292  4  41
1288  4  40
1292  4  40
1284  4  39
1272  4  39
1268  5  39
1276  5  38
1276  5  38
1272  5  38
1268  6  37
1264  6  37
1276  6  36
1260  6  36
1300  7  36
1304  7  35
1304  7  35
1300  7  35
1312  8  34
1300  8  34
1312  8  33
1300  8  33
1316  9  32
1316  9  32
1316  9  31
1304  9  31
1316  9  30
1312  9  30
1316  9  29
1304  9  29
1320  9  28
1312  9  28
1308  9  27
1308  9  27
1324  9  26
1304  9  25
1304  9  24
1308  9  23
1308  9  23
1312  9  22
1308  9  21
1316  9  20
1312  9  19
1308  9  18
1316  8  16
1324  8  15
1304  8  14
1304  8  13
1316  8  12
1316  7  11
1308  7  9
1256  7  8
1252  6  7
1240  6  6
1240  6  5
1244  5  3
1240  5  2
1248  4  1
1224  4  0
1236  4  -2
1256  3  -3
1260  3  -4
1264  3  -6
1220  2  -7
1220  2  -9
1228  1  -10
1284  1  -12
1280  0  -13
1280  0  -14
1304  -1  -16
1324  -1  -17
1320  -2  -18
1344  -2  -20
1336  -3  -21
1332  -3  -22
1324  -3  -24
1320  -4  -25
1320  -4  -26
1320  -4  -27
1316  -5  -28
1320  -5  -29
1312  -5  -30
1312  -6  -31
1312  -6  -32
1316  -6  -33
1356  -7  -33
1352  -7  -34
1360  -7  -35
1348  -7  -36
1344  -7  -36
1364  -7  -36
1348  -7  -37
1340  -7  -37
1364  -7  -37
1348  -7  -37
1308  -6  -37
1312  -6  -37
1320  -6  -37
1320  -5  -37
1320  -5  -37
1328  -5  -38
1312  -4  -38
1324  -3  -38
1320  -3  -38
1324  -2  -38
1316  -2  -38
1308  -1  -38
1316  -1  -38
1336  0  -38
1320  0  -38
1336  1  -38
1328  1  -38
1328  1  -38
1328  1  -38
1336  1  -38
1332  2  -38
1332  2  -38
1340  2  -38
1328  2  -38
1332  2  -38
1340  2  -38
1328  2  -38
1336  2  -38
1332  2  -38
1340  2  -38
1328  2  -39
1332  2  -39
1348  2  -40
1340  2  -41
1324  1  -42
1332  1  -42
1340  1  -43
1328  1  -44
1336  1  -45
1324  0  -46
1316  0  -46
1316  0  -48
1320  0  -49
1316  0  -49
1328  -1  -51
1364  -1  -52
1356  -1  -53
1352  -2  -54
1360  -2  -55
1304  -3  -56
1316  -4  -57
1320  -4  -58
1332  -5  -59
1328  -5  -60
1324  -6  -61
1328  -6  -62
1328  -7  -63
1328  -7  -64
1320  -8  -65
1324  -8  -67
1324  -8  -68
1312  -9  -69
1316  -9  -69
1316  -10  -70
1368  -10  -71
1440  -11  -72
1416  -11  -72
1424  -12  -73
1432  -12  -73
1416  -12  -74
1424  -12  -74
1412  -12  -74
1416  -12  -74
1420  -12  -74
1424  -12  -75
1428  -12  -75
1424  -12  -74
1416  -12  -74
1420  -12  -74
1412  -12  -74
1420  -11  -74
1424  -11  -74
1376  -10  -73
1380  -10  -73
1388  -9  -73
1320  -9  -72
1328  -8  -72
1332  -8  -72
1360  -7  -71
1336  -7  -71
1336  -6  -70
1328  -6  -70
1320  -6  -69
1324  -5  -69
1320  -5  -68
1308  -5  -68
1316  -5  -67
1316  -5  -67
1308  -5  -67
1312  -4  -66
1316  -4  -66
1308  -4  -66
1316  -4  -65
1308  -4  -65
1320  -4  -65
1312  -4  -65
1316  -4  -65
1316  -4  -65
1312  -4  -65
1316  -4  -64
1308  -4  -64
1320  -4  -64
1308  -4  -64
1312  -4  -64
1320  -4  -65
1316  -4  -65
1312  -5  -65
1312  -5  -65
1320  -5  -65
1312  -5  -65
1316  -5  -65
1332  -6  -65
1328  -6  -65
1328  -6  -66
1320  -7  -66
1332  -7  -66
1320  -7  -66
1320  -7  -66
1328  -8  -67
1316  -8  -67
1308  -8  -67
1316  -8  -67
1320  -8  -67
1316  -8  -67
1316  -8  -67
1320  -8  -67
1312  -8  -67
1312  -8  -67
1316  -8  -67
1320  -8  -67
1312  -8  -67
1316  -8  -67
1320  -8  -67
1316  -8  -67
1312  -8  -67
1312  -8  -67
1324  -8  -67
1316  -8  -66
1312  -8  -66
1320  -8  -66
1312  -8  -66
1316  -8  -65
1312  -8  -65
1320  -8  -65
1312  -9  -65
1312  -9  -64
1320  -9  -64
1304  -9  -64
1316  -9  -63
1308  -9  -62
1316  -9  -62
1312  -9  -61
1308  -9  -61
1316  -9  -60
1308  -9  -60
1308  -9  -60
1308  -9  -59
1372  -9  -58
1348  -9  -57
1344  -9  -57
1368  -9  -56
1308  -8  -55
1312  -8  -54
1308  -8  -54
1316  -8  -53
1320  -7  -53
1316  -7  -52
1324  -7  -51
1320  -6  -51
1324  -6  -50
1332  -6  -49
1320  -6  -48
1328  -5  -47
1324  -5  -46
1336  -5  -45
1324  -5  -45
1328  -5  -44
1324  -4  -43
1316  -4  -42
1312  -4  -42
1340  -4  -41
1352  -4  -40
1324  -4  -39
1316  -4  -38
1316  -4  -38
1328  -4  -37
1332  -4  -36
1328  -3  -36
1332  -3  -35
1324  -3  -34
1320  -3  -34
1320  -3  -33
1304  -3  -33
1324  -3  -32
1328  -3  -32
1332  -3  -31
1340  -3  -30
1336  -3  -30
1324  -3  -29
1320  -3  -29
1316  -3  -28
1316  -3  -28
1316  -3  -28
1320  -4  -28
1324  -4  -27
1320  -4  -27
1316  -4  -26
1312  -4  -25
1320  -5  -25
1316  -5  -24
1312  -5  -24
1308  -5  -23
1320  -5  -22
1356  -6  -22
1348  -6  -21
1360  -6  -21
1360  -6  -20
1356  -6  -19
1364  -6  -18
1360  -6  -17
1356  -6  -16
1372  -6  -15
1352  -6  -14
1356  -6  -13
1356  -6  -13
1356  -6  -12
1356  -5  -10
1364  -5  -9
1288  -5  -8
1300  -5  -7
1280  -4  -5
1296  -4  -4
1284  -4  -3
1252  -3  -1
1228  -3  0
1236  -3  2
1220  -2  3
1224  -2  4
1224  -1  6
1228  -1  7
1228  0  9
1200  0  10
1260  1  12
1268  1  13
1276  2  15
1292  2  16
1276  3  18
1268  3  19
1272  4  21
1272  4  22
1272  4  24
1264  5  25
1268  5  27
1272  5  28
1260  6  29
1260  6  31
1264  6  32
1268  6  33
1304  7  35
1300  7  36
1304  7  37
1272  7  39
1260  7  40
1260  7  41
1260  7  42
1268  7  43
1308  8  44
1304  8  45
1300  8  46
1304  8  46
1300  8  47
1304  8  48
1300  8  48
1264  8  49
1256  8  49
1260  8  50
1256  8  50
1280  7  51
1260  7  51
1268  7  52
1276  6  52
1280  6  53
1272  6  53
1268  5  53
1276  5  54
1280  5  54
1272  4  55
1268  4  55
1264  4  55
1272  3  55
1264  3  56
1304  2  56
1300  2  56
1312  2  57
1308  1  58
1300  1  58
1300  0  59
1300  0  59
1300  0  60
1292  0  60
1300  0  61
1312  -1  61
1336  -1  62
1324  -1  63
1352  -1  64
1340  -1  65
1328  -1  66
1356  -1  67
1340  -1  69
1340  -1  70
1344  -1  71
1340  -1  72
1316  0  74
1304  0  75
1308  0  76
1308  1  78
1312  1  80
1312  1  81
1316  2  83
1316  2  85
1304  2  87
1320  3  89
1312  3  91
1312  4  93
1320  4  95
1312  5  97
1300  6  99
1308  6  102
1332  7  104
1336  8  106
1328  8  108
1344  9  111
1336  10  113
1404  11  115
1420  11  117
1400  12  119
1412  13  121
1412  14  123
1396  14  126
1408  15  128
1404  15  130
1400  16  132
1404  16  134
1452  17  136
1428  17  138
1404  17  140
1452  18  142
1444  18  144
1448  19  146
1448  19  147
1448  19  149
1440  19  150
1452  19  152
1440  19  153
1428  19  154
1456  19  155
1440  19  156
1452  19  157
1436  19  158
1432  19  158
1444  19  159
1396  18  159
1408  18  160
1392  18  160
1412  17  161
1408  17  161
1424  16  162
1428  16  162
1408  15  162
1404  15  163
1408  14  163
1392  13  163
1392  13  163
1448  12  163
1444  12  164
1448  11  164
1448  10  165
1440  10  165
1456  9  166
1372  9  166
1392  8  166
1384  8  167
1368  8  167
1396  8  168
1372  7  168
1380  7  169
1396  7  170
1380  7  171
1380  6  172
1396  6  173
1384  6  174
1376  6  175
1404  6  176
1384  6  178
1392  7  180
1384  7  181
1384  7  183
1392  7  185
1384  8  187
1376  8  189
1400  8  191
1380  9  194
1376  10  196
1452  10  198
1452  11  201
1460  12  203
1444  13  206
1452  14  208
1452  15  211
1448  16  214
1452  17  217
1440  18  220
1396  19  224
1412  20  227
1408  21  230
1424  22  232
1408  23  235
1412  24  238
1408  26  241
1400  27  244
1392  27  246
1452  28  249
1444  29  252
1448  30  255
1452  31  257
1460  32  260
1452  32  262
1444  33  264
1460  34  266
1448  34  268
1468  35  270
1452  35  272
1456  36  274
1464  36  276
1452  36  277
1464  36  279
1452  36  280
1464  36  281
1452  36  282
1452  36  283
1460  36  283
1448  36  283
1456  35  284
1448  35  284
1452  34  284
1448  34  284
1444  33  284
1448  32  284
1436  32  284
1400  31  284
1408  30  284
1416  29  283
1420  28  283
1420  27  283
1404  26  283
1408  25  283
1448  24  283
1448  23  283
1448  22  283
1452  21  282
1456  20  282
1448  20  282
1456  19  282
1448  19  282
1456  19  282
1444  18  282
1444  18  282
1452  18  282
1448  18  283
1456  18  283
1460  17  284
1460  17  285
1460  17  286
1460  17  287
1464  17  288
1460  17  290
1468  17  291
1452  18  293
1456  18  295
1464  18  297
1456  19  299
1460  19  301
1456  20  303
1464  21  306
1456  22  308
1448  23  310
1456  23  312
1452  24  315
1456  26  317
1452  27  320
1452  28  323
1392  29  325
1412  30  328
1420  31  331
1420  32  334
1420  33  336
1424  34  339
1420  35  342
1416  36  344
1400  37  347
1456  38  350
1452  39  352
1448  40  355
1460  41  357
1448  42  359
1456  43  361
1464  44  363
1452  44  365
1464  45  367
1452  46  368
1456  46  370
1448  46  372
1452  47  373
1460  47  375
1452  47  376
1456  47  377
1448  47  379
1452  47  379
1448  47  380
1444  47  380
1456  47  381
1452  46  381
1456  46  381
1448  46  381
1448  45  381
1448  45  381
1460  44  380
1452  44  380
1448  43  380
1452  42  379
1436  41  379
1444  41  378
1408  40  377
1404  39  377
1424  38  376
1416  38  376
1424  37  375
1420  36  375
1416  35  374
1408  34  373
1460  33  373
1448  32  372
1460  32  371
1448  31  371
1444  30  371
1460  30  370
1448  29  370
1448  29  370
1452  28  370
1452  28  370
1448  28  370
1448  28  370
1452  28  370
1448  28  370
1456  28  370
1448  28  371
1448  28  371
1460  28  372
1448  29  372
1456  29  373
1448  29  374
1460  29  375
1452  30  377
1444  30  378
1464  31  379
1440  31  381
1464  32  382
1448  32  384
1460  33  386
1444  33  388
1452  34  389
1452  35  391
1400  36  393
1408  36  395
1408  37  396
1416  38  398
1428  39  399
1420  40  401
1420  41  403
1412  42  404
1404  43  406
1456  44  407
1448  45  409
1444  45  411
1456  46  412
1452  47  413
1456  48  415
1448  48  416
1456  49  418
1448  49  419
1452  49  420
1460  50  421
1456  50  422
1460  50  423
1444  50  423
1456  50  424
1452  50  424
1452  51  424
1452  51  424
1448  51  424
1456  51  424
1444  51  424
1452  50  424
1452  50  424
1448  50  424
1452  49  424
1452  49  423
1448  48  423
1460  48  422
1452  48  421
1448  47  421
1444  47  420
1456  46  419
1452  45  418
1440  45  417
1408  44  416
1400  44  415
1416  43  414
1412  42  412
1408  42  411
1424  41  410
1420  41  409
1412  40  408
1420  40  407
1412  39  406
1420  38  405
1408  38  404
1404  37  403
1460  36  402
1444  36  401
1456  35  401
1448  35  400
1448  34  400
1460  34  399
1444  34  399
1456  34  398
1444  34  397
1440  34  397
1448  34  397
1452  34  396
1448  34  396
1440  34  396
1452  34  396
1444  34  397
1444  35  397
1452  35  397
1392  36  397
1408  36  398
1400  37  398
1396  37  398
1420  38  399
1408  38  400
1420  39  400
1420  39  401
1420  40  401
1420  40  401
1412  41  402
1404  41  402
1416  42  403
1392  42  403
1396  43  403
1408  43  404
1392  43  404
1456  44  404
1436  44  404
1428  44  404
1456  45  404
1436  45  404
1444  45  404
1436  45  404
1432  45  404
1452  45  404
1436  45  404
1452  45  403
1436  45  403
1440  45  403
1456  45  402
1444  45  401
1444  45  401
1456  44  400
1448  44  399
1444  44  398
1444  44  397
1456  43  396
1444  43  395
1448  43  394
1448  43  393
1444  42  391
1448  42  390
1448  42  388
1404  41  387
1400  41  386
1396  41  384
1412  40  383
1412  40  382
1408  39  381
1436  38  379
1416  38  378
1436  37  376
1420  37  375
1416  36  373
1428  36  372
1420  36  371
1424  35  369
1412  35  367
1412  35  366
1420  34  364
1412  34  363
1416  33  362
1404  33  361
1404  33  359
1464  32  358
1396  32  357
1400  32  356
1412  32  355
1452  31  354
1452  31  353
1440  31  353
1440  31  352
1452  31  351
1432  31  351
1456  31  350
1436  31  350
1436  31  349
1412  32  349
1404  32  348
1412  32  348
1420  33  347
1404  33  347
1416  34  347
1404  34  347
1432  35  346
1412  35  346
1408  36  346
1412  36  346
1408  37  345
1392  37  345
1404  37  345
1448  38  345
1460  38  344
1440  39  344
1448  39  343
1452  39  343
1444  39  342
1456  40  342
1456  40  341
1456  40  341
1452  40  340
1448  40  339
1452  40  338
1452  40  337
1452  40  336
1448  40  335
1444  40  334
1456  40  332
1448  40  331
1456  40  330
1456  40  328
1460  39  327
1444  39  325
1448  39  323
1460  38  321
1448  38  319
1464  37  317
1448  36  315
1452  36  312
1460  35  310
1444  35  308
1456  34  306
1400  33  303
1456  33  301
1404  32  298
1412  31  296
1424  30  293
1408  30  291
1424  29  288
1424  28  286
1416  27  284
1420  26  281
1408  25  279
1400  25  276
1412  24  274
1452  23  272
1464  22  269
1444  22  267
1448  21  265
1460  20  263
1448  20  261
1460  19  259
1452  19  257
1448  19  255
1452  18  253
1444  18  252
1444  18  250
1444  18  249
1452  18  247
1448  18  246
1448  18  245
1452  18  244
1448  18  243
1452  18  242
1448  18  241
1432  19  241
1452  19  240
1428  19  240
1452  20  240
1440  20  239
1388  21  239
1408  22  239
1400  22  239
1412  23  239
1416  24  238
1400  25  238
1404  26  238
1448  27  237
1432  28  237
1440  28  237
1452  29  236
1444  29  236
1436  30  236
1460  31  235
1440  31  235
1444  31  235
1460  32  234
1448  32  234
1456  32  233
1452  32  232
1448  33  232
1460  33  231
1452  33  230
1456  33  229
1448  33  228
1456  33  227
1452  33  225
1452  33  224
1456  33  222
1456  33  220
1460  33  218
1452  33  216
1456  33  214
1460  32  212
1452  32  210
1460  32  208
1452  31  205
1460  31  203
1452  30  201
1448  30  198
1456  29  195
1452  28  192
1448  28  190
1456  27  187
1456  26  184
1448  25  181
1444  24  177
1460  23  174
1444  22  171
1456  21  167
1444  20  164
1392  19  160
1416  18  157
1404  17  154
1420  16  151
1416  15  147
1400  14  144
1416  12  141
1404  11  138
1448  10  135
1452  9  132
1380  8  129
1388  7  126
1384  6  123
1368  5  120
1400  4  117
1384  3  115
1376  3  112
1400  2  109
1384  1  107
1372  1  104
1372  0  102
1368  0  100
1368  0  98
1332  -1  97
1344  -1  95
1340  -1  93
1348  -1  92
1348  -1  91
1340  -1  90
1348  -1  89
1344  -1  88
1340  -1  87
1336  -1  86
1340  -1  86
1332  0  85
1300  0  85
1320  1  85
1308  1  85
1312  2  85
1316  3  84
1304  4  84
1304  4  84
1300  5  84
1276  6  85
1264  7  85
1276  8  85
1280  9  85
1268  10  85
1324  11  85
1372  12  85
1388  13  86
1372  14  86
1388  15  86
1380  16  86
1376  16  86
1376  17  86
1388  18  86
1392  19  86
1368  19  86
1396  19  86
1388  20  86
1376  20  86
1400  20  85
1392  21  85
1376  21  85
1404  21  84
1384  21  84
1400  21  83
1392  21  82
1392  21  81
1388  21  80
1388  22  79
1384  22  78
1400  22  76
1388  22  75
1384  22  74
1396  22  72
1388  22  71
1392  22  69
1392  22  67
1392  21  65
1396  21  64
1384  21  62
1388  21  60
1396  20  58
1380  20  57
1380  19  55
1400  19  53
1396  18  51
1372  18  48
1396  18  46
1392  17  44
1396  16  41
1392  16  39
1392  15  36
1396  15  34
1384  14  31
1384  14  28
1396  13  25
1380  12  23
1376  12  20
1396  11  17
1388  10  14
1384  9  11
1324  9  8
1256  8  5
1240  7  3
1232  6  0
1248  5  -3
1264  4  -6
1260  3  -9
1220  2  -11
1288  1  -14
1288  0  -17
1300  -1  -20
1312  -2  -22
1332  -3  -25
1324  -4  -28
1316  -5  -31
1316  -6  -34
1364  -7  -36
1360  -8  -39
1356  -9  -42
1372  -10  -44
1420  -11  -47
1432  -12  -49
1432  -13  -51
1424  -13  -53
1440  -14  -56
1424  -15  -58
1436  -15  -60
1432  -15  -61
1428  -16  -63
1440  -16  -65
1424  -16  -66
1436  -16  -67
1424  -16  -68
1432  -16  -69
1440  -16  -70
1432  -16  -71
1436  -16  -72
1432  -15  -72
1424  -15  -72
1432  -15  -72
1420  -14  -72
1424  -13  -72
1428  -13  -72
1420  -12  -72
1432  -11  -72
1368  -10  -72
1388  -9  -71
1320  -9  -71
1324  -8  -71
1356  -7  -71
1328  -6  -70
1316  -5  -70
1308  -4  -70
1352  -3  -70
1372  -2  -69
1352  -2  -69
1356  -1  -69
1344  0  -69
1320  0  -69
1336  1  -69
1348  1  -69
1332  1  -69
1340  2  -69
1340  2  -69
1328  2  -69
1340  2  -69
1336  2  -69
1352  2  -70
1332  2  -70
1336  2  -70
1356  2  -71
1340  2  -72
1328  2  -72
1356  2  -73
1324  2  -74
1348  2  -76
1348  1  -77
1340  1  -78
1340  1  -80
1344  1  -81
1320  0  -83
1328  0  -84
1336  -1  -86
1368  -1  -88
1360  -1  -89
1356  -2  -91
1368  -3  -93
1360  -3  -95
1360  -4  -97
1360  -5  -99
1356  -5  -101
1416  -6  -103
1424  -7  -105
1376  -8  -107
1384  -9  -109
1388  -9  -111
1388  -10  -113
1464  -11  -115
1464  -12  -117
1460  -13  -119
1452  -14  -121
1444  -15  -123
1504  -16  -125
1484  -16  -127
1500  -17  -129
1500  -18  -130
1508  -19  -132
1492  -19  -134
1500  -20  -135
1492  -20  -136
1500  -21  -138
1500  -21  -139
1492  -21  -140
1508  -22  -141
1496  -22  -141
1504  -22  -142
1492  -22  -142
1500  -22  -142
1492  -22  -142
1500  -22  -142
1500  -22  -143
1500  -21  -143
1492  -21  -142
1496  -20  -142
1500  -20  -142
1496  -19  -141
1496  -18  -141
1496  -18  -140
1444  -17  -140
1460  -16  -139
1464  -15  -138
1456  -15  -137
1460  -14  -137
1476  -13  -136
1444  -12  -136
1460  -11  -135
1448  -10  -134
1504  -9  -134
1432  -8  -133
1420  -8  -133
1440  -7  -132
1420  -7  -132
1436  -7  -131
1424  -6  -131
1428  -6  -130
1424  -6  -130
1428  -5  -130
1432  -5  -129
1420  -5  -129
1424  -5  -129
1424  -5  -129
1420  -5  -129
1428  -6  -129
1420  -6  -129
1424  -6  -130
1428  -7  -130
1428  -7  -130
1424  -8  -131
1424  -8  -131
1420  -8  -132
1432  -8  -133
1424  -9  -134
1420  -9  -135
1428  -10  -136
1480  -10  -137
1452  -11  -138
1444  -11  -139
1460  -12  -140
1472  -13  -141
1448  -13  -142
1480  -14  -143
1460  -15  -144
1472  -15  -145
1452  -16  -146
1436  -16  -146
1464  -17  -147
1452  -17  -148
1500  -18  -148
1496  -19  -149
1492  -19  -149
1492  -20  -149
1496  -20  -149
1484  -20  -149
1504  -21  -149
1492  -21  -149
1492  -21  -149
1500  -21  -149
1496  -21  -149
1500  -21  -149
1492  -21  -149
1504  -20  -148
1488  -20  -148
1500  -20  -147
1500  -20  -146
1500  -19  -146
1492  -19  -145
1500  -18  -144
1488  -18  -143
1448  -17  -142
1452  -17  -141
1452  -16  -140
1472  -15  -138
1452  -15  -137
1476  -14  -136
1464  -14  -135
1464  -13  -133
1480  -13  -132
1468  -12  -131
1468  -12  -130
1460  -12  -129
1460  -11  -128
1444  -11  -126
1456  -10  -125
1452  -10  -124
1444  -9  -124
1384  -9  -123
1420  -8  -122
1424  -8  -121
1424  -8  -121
1420  -8  -120
1428  -8  -119
1416  -8  -119
1420  -8  -118
1428  -8  -117
1416  -8  -117
1420  -8  -116
1420  -8  -116
1416  -8  -116
1420  -8  -116
1420  -8  -115
1412  -8  -115
1380  -9  -115
1380  -9  -115
1388  -10  -115
1448  -10  -115
1460  -11  -115
1460  -11  -115
1464  -12  -115
1468  -12  -116
1440  -13  -116
1448  -14  -116
1452  -14  -116
1488  -15  -116
1492  -15  -116
1488  -16  -116
1496  -16  -116
1500  -17  -115
1496  -17  -115
1492  -17  -115
1488  -18  -115
1492  -18  -115
1492  -18  -114
1496  -18  -114
1488  -18  -113
1496  -18  -113
1488  -18  -112
1492  -18  -112
1492  -18  -111
1504  -18  -110
1488  -18  -109
1504  -18  -108
1492  -18  -106
1500  -18  -105
1500  -17  -103
1488  -17  -102
1500  -17  -100
1492  -17  -98
1440  -16  -96
1420  -16  -95
1436  -15  -93
1432  -15  -91
1428  -14  -89
1428  -14  -87
1432  -13  -85
1424  -12  -83
1424  -12  -81
1376  -11  -79
1392  -10  -77
1384  -10  -75
1384  -9  -73
1336  -8  -71
1320  -7  -69
1324  -7  -67
1336  -6  -65
1328  -5  -63
1316  -4  -61
1316  -4  -59
1320  -4  -57
1316  -3  -56
1312  -3  -54
1312  -2  -52
1320  -2  -50
1308  -2  -49
1364  -1  -47
1356  -1  -45
1336  0  -44
1324  0  -42
1324  0  -41
1312  0  -40
1316  0  -38
1312  0  -37
1320  0  -36
1316  0  -34
1276  0  -33
1268  0  -32
1280  0  -31
1276  0  -30
1272  0  -29
1268  0  -29
1280  0  -28
1292  -1  -28
1312  -1  -27
1320  -1  -26
1312  -1  -26
1328  -2  -25
1320  -2  -24
1336  -3  -24
1324  -3  -23
1316  -4  -23
1328  -4  -22
1308  -5  -22
1316  -5  -21
1312  -5  -20
1320  -5  -19
1360  -6  -19
1360  -7  -18
1364  -7  -17
1360  -7  -16
1368  -8  -15
1360  -8  -14
1356  -8  -13
1360  -8  -12
1360  -8  -11
1368  -9  -10
1364  -9  -9
1312  -9  -8
1300  -9  -7
1300  -9  -5
1288  -9  -4
1316  -9  -2
1304  -9  -1
1300  -8  1
1272  -8  3
1280  -8  4
1268  -7  6
1268  -7  8
1268  -7  10
1344  -6  12
1328  -6  15
1328  -5  17
1340  -5  20
1348  -4  22
1328  -3  25
1340  -3  28
1336  -2  30
1332  -1  33
1316  0  36
1308  0  38
1264  1  41
1268  2  44
1264  3  46
1292  4  49
1276  5  52
1276  6  54
1268  7  56
1268  8  59
1268  9  62
1304  10  64
1384  11  67
1372  12  69
1372  12  72
1396  13  75
1384  14  77
1372  14  80
1384  15  83
1372  15  85
1380  16  87
1384  16  90
1388  17  92
1368  17  94
1384  17  96
1396  18  98
1368  18  100
1456  18  101
1448  18  103
1452  18  104
1444  18  106
1444  18  107
1452  18  108
1440  18  109
1460  17  110
1440  17  110
1456  17  111
1440  16  112
1428  16  112
1452  15  112
1440  15  113
1392  14  113
1400  13  113
1412  12  114
1408  11  114
1408  10  114
1404  10  114
1412  9  115
1376  8  115
1372  7  115
1380  6  115
1384  5  115
1380  4  116
1392  3  116
1368  3  116
1384  2  116
1392  1  117
1376  1  117
1372  0  117
1376  0  118
1384  -1  118
1428  -1  119
1408  -2  120
1416  -2  121
1416  -2  122
1412  -3  124
1420  -3  125
1412  -3  127
1416  -3  128
1420  -3  130
1408  -3  132
1424  -3  135
1412  -3  137
1420  -2  139
1416  -2  142
1420  -1  145
1388  0  147
1384  0  150
1396  1  153
1380  2  157
1404  3  160
1392  4  163
1396  5  166
1384  6  170
1376  8  174
1400  9  177
1380  10  181
1440  12  185
1452  13  189
1444  15  193
1448  16  198
1396  17  202
1408  19  206
1416  20  211
1400  21  215
1416  23  219
1400  24  223
1440  26  227
1452  27  231
1448  29  235
1452  30  238
1448  31  242
1448  33  246
1456  34  250
1448  35  253
1472  36  257
1448  36  260
1460  37  263
1472  38  266
1456  39  270
1468  39  272
1464  40  275
1468  40  278
1460  40  281
1452  41  283
1468  41  285
1456  41  287
1468  41  289
1456  42  291
1460  42  292
1452  42  293
1460  42  294
1472  42  295
1460  42  296
1468  42  297
1456  41  297
1464  41  298
1456  40  298
1448  40  298
1464  39  299
1452  38  299
1456  38  299
1456  37  298
1452  36  298
1448  35  298
1444  33  298
1404  32  297
1412  31  297
1424  30  296
1400  29  296
1416  28  295
1408  27  295
1408  26  294
1452  25  293
1456  23  293
1444  22  293
1456  21  293
1456  20  293
1456  19  293
1452  18  293
1460  17  293
1468  16  293
1452  16  293
1460  15  293
1448  15  293
1460  15  294
1464  14  295
1460  14  296
1468  14  297
1460  14  299
1468  14  300
1456  14  302
1464  15  303
1464  15  305
1460  16  308
1464  16  310
1456  17  313
1460  18  316
1456  18  319
1464  19  322
1464  20  325
1460  21  329
1460  23  332
1456  24  335
1460  25  339
1444  27  342
1456  28  346
1456  30  349
1392  32  353
1412  33  357
1424  35  361
1452  36  365
1408  38  368
1412  39  372
1460  41  375
1444  42  379
1448  44  382
1456  45  386
1456  47  389
1456  48  393
1452  49  396
1456  49  400
1456  50  403
1456  51  406
1468  52  409
1460  53  412
1464  53  415
1464  54  418
1464  55  420
1448  55  423
1456  56  425
1460  56  427
1456  56  429
1464  57  431
1456  57  433
1452  57  434
1468  58  436
1452  58  437
1460  58  438
1456  58  439
1464  58  440
1452  58  440
1456  58  441
1460  58  442
1444  58  442
1468  57  443
1448  57  443
1452  57  443
1460  56  443
1452  56  443
1464  55  443
1452  55  443
1460  54  443
1452  53  442
1452  52  442
1460  52  441
1456  51  440
1444  50  440
1444  50  439
1460  49  438
1452  48  436
1432  47  436
1416  46  435
1400  45  433
1420  44  432
1412  43  432
1424  42  431
1420  41  430
1416  40  429
1404  39  428
1464  38  427
1440  37  427
1464  36  426
1448  35  426
1460  34  426
1452  33  426
1452  33  426
1464  32  425
1444  32  425
1456  32  425
1448  32  425
1448  32  425
1460  32  426
1448  32  426
1456  32  426
1452  32  427
1468  33  428
1452  33  428
1448  33  430
1464  34  431
1452  34  432
1464  35  434
1452  36  436
1448  36  437
1452  37  439
1452  38  441
1452  38  443
1448  39  445
1456  40  447
1444  41  450
1400  42  452
1420  43  454
1416  44  456
1432  45  457
1412  47  459
1408  48  461
1456  49  463
1448  50  464
1460  52  466
1444  52  468
1452  53  470
1452  54  472
1456  55  474
1460  55  476
1460  56  478
1460  57  479
1444  57  481
1460  58  482
1456  58  484
1460  59  485
1460  59  486
1452  59  487
1452  59  488
1456  59  488
1460  60  489
1460  60  489
1452  60  489
1464  60  490
1448  60  490
1460  60  489
1460  60  489
1452  60  489
1460  59  489
1448  59  489
1456  59  489
1456  58  488
1452  58  487
1460  57  487
1452  57  486
1468  56  485
1452  56  484
1456  56  483
1460  55  481
1448  54  480
1460  53  479
1452  53  478
1456  52  476
1448  51  475
1444  51  473
1452  50  471
1404  49  470
1420  48  468
1420  47  467
1412  47  466
1412  46  464
1420  45  463
1420  44  462
1412  43  461
1400  43  459
1408  42  458
1456  41  457
1452  40  456
1448  40  455
1452  39  454
1460  39  453
1448  38  452
1444  38  452
1452  38  451
1448  38  450
1456  38  450
1452  38  449
1452  38  449
1448  38  449
1444  38  449
1452  38  449
1432  39  449
1456  39  449
1448  40  450
1452  40  450
1444  41  451
1432  41  451
1412  42  452
1408  43  452
1408  43  453
1424  44  454
1416  45  455
1416  45  455
1416  46  456
1400  47  456
1408  48  457
1448  49  457
1448  49  458
1444  50  458
1452  51  459
1452  51  459
1444  52  459
1448  52  460
1448  53  460
1444  53  460
1452  53  460
1452  54  460
1452  54  460
1448  54  460
1452  54  460
1448  54  460
1452  54  459
1460  54  459
1448  54  459
1460  54  458
1448  54  458
1460  54  457
1456  54  456
1456  54  455
1452  54  453
1452  54  452
1460  53  451
1456  53  450
1452  53  448
1468  52  447
1452  52  445
1460  52  443
1452  51  441
1460  51  440
1448  51  438
1452  50  436
1460  49  434
1452  49  432
1456  48  430
1448  47  428
1460  46  426
1444  46  423
1444  45  421
1404  44  419
1400  44  416
1408  43  414
1420  42  412
1424  41  409
1424  41  407
1436  40  405
1420  39  402
1424  39  400
1420  38  398
1416  37  396
1408  37  393
1408  36  391
1464  35  389
1396  35  387
1460  34  385
1444  34  383
1448  33  382
1460  32  380
1452  32  378
1456  32  377
1444  32  375
1456  31  373
1460  31  372
1448  31  371
1456  31  369
1448  31  368
1452  31  367
1444  31  367
1444  31  366
1456  32  365
1444  32  364
1440  32  364
1400  33  363
1400  33  363
1420  34  362
1408  34  362
1416  35  362
1424  35  362
1420  36  361
1412  37  361
1408  37  360
1404  38  360
1456  39  360
1452  40  359
1452  40  359
1452  41  358
1444  42  358
1456  42  357
1448  43  357
1460  43  356
1448  43  356
1468  44  355
1448  44  355
1456  44  354
1464  44  353
1452  44  352
1460  45  351
1460  45  350
1460  45  349
1452  45  347
1456  45  346
1464  45  344
1460  44  343
1460  44  341
1456  44  339
1464  44  337
1456  44  334
1456  43  332
1464  43  330
1456  42  327
1460  42  325
1452  41  322
1452  41  320
1464  40  317
1456  40  314
1468  39  311
1456  38  308
1456  37  305
1456  36  302
1456  36  299
1464  35  295
1448  34  292
1460  33  288
1452  32  285
1452  31  281
1404  30  278
1412  28  274
1420  27  271
1420  26  267
1416  25  264
1420  24  261
1456  22  258
1448  21  254
1448  20  251
1452  19  248
1456  18  245
1448  17  242
1456  16  239
1456  15  236
1452  15  233
1452  14  230
1452  13  227
1456  13  224
1448  13  222
1456  12  219
1444  12  217
1460  12  215
1452  12  213
1448  12  211
1456  12  209
1448  12  207
1456  12  206
1452  12  204
1448  12  203
1452  12  203
1448  12  202
1452  13  201
1440  13  201
1452  14  200
1436  14  200
1444  15  199
1444  16  199
1396  17  198
1400  18  198
1420  19  198
1416  20  197
1404  21  197
1404  22  196
1436  23  196
1456  24  195
1444  25  195
1452  26  194
1444  27  194
1444  28  194
1456  28  193
1448  29  193
1452  30  193
1456  30  192
1460  31  192
1452  31  191
1448  31  191
1460  31  190
1456  32  189
1452  32  188
1452  32  187
1456  32  185
1452  32  184
1456  33  182
1464  33  180
1460  33  179
1464  33  177
1456  33  175
1456  33  173
1460  33  171
1456  33  168
1468  32  166
1456  32  164
1460  32  162
1452  32  159
1464  31  157
1460  31  154
1460  30  151
1464  30  149
1456  29  146
1464  28  143
1452  28  140
1452  27  136
1460  27  133
1452  26  130
1464  25  126
1460  24  122
1460  24  119
1456  23  115
1452  22  111
1456  21  107
1456  20  103
1460  19  100
1452  18  96
1384  17  92
1396  16  88
1372  15  84
1376  13  80
1384  12  76
1380  11  72
1380  10  68
1336  8  64
1288  7  61
1272  6  57
1288  5  54
1284  4  50
1264  2  47
1268  1  43
1300  0  40
1308  -1  37
1328  -3  34
1336  -4  31
1356  -5  28
1340  -6  25
1332  -7  22
1356  -8  19
1340  -8  16
1340  -9  13
1348  -9  11
1344  -10  8
1336  -10  6
1364  -11  4
1344  -11  2
1320  -11  0
1364  -12  -1
1360  -12  -3
1372  -12  -4
1372  -11  -6
1364  -11  -7
1364  -11  -8
1372  -10  -8
1372  -9  -9
1300  -9  -9
1284  -8  -10
1376  -7  -10
1356  -6  -10
1352  -6  -10
1368  -5  -10
1304  -4  -10
1316  -3  -10
1332  -1  -10
1312  0  -10
1296  1  -10
1284  2  -10
1336  4  -10
1332  5  -10
1332  6  -10
1348  7  -10
1340  8  -10
1340  9  -10
1352  10  -9
1344  11  -9
1340  11  -9
1352  12  -9
1348  12  -9
1340  13  -9
1344  14  -9
1348  14  -9
1344  15  -9
1328  15  -9
1356  15  -9
1344  15  -10
1400  15  -10
1428  16  -11
1408  16  -11
1416  16  -12
1420  17  -13
1412  17  -14
1416  17  -16
1412  18  -17
1408  18  -18
1420  18  -20
1412  18  -21
1416  18  -23
1408  18  -24
1412  18  -25
1420  18  -27
1408  18  -29
1412  18  -30
1420  18  -32
1404  18  -34
1420  18  -36
1416  17  -37
1412  17  -39
1420  17  -41
1416  16  -44
1420  16  -46
1412  16  -48
1412  15  -51
1416  15  -53
1412  15  -56
1408  14  -59
1416  14  -62
1408  13  -65
1420  12  -67
1412  12  -70
1416  11  -73
1412  11  -76
1416  10  -80
1416  9  -83
1360  8  -86
1340  8  -89
1340  7  -92
1348  6  -95
1344  5  -99
1336  4  -102
1412  3  -105
1416  2  -109
1412  1  -113
1408  0  -117
1408  -1  -121
1424  -3  -125
1436  -4  -129
1432  -5  -133
1440  -7  -137
1428  -8  -141
1436  -9  -146
1420  -11  -150
1428  -13  -154
1460  -14  -158
1480  -16  -162
1460  -18  -167
1440  -20  -171
1504  -21  -174
1492  -23  -178
1500  -25  -182
1500  -27  -186
1496  -28  -189
1504  -30  -193
1504  -31  -196
1512  -33  -199
1500  -34  -202
1508  -35  -205
1512  -36  -208
1512  -37  -210
1508  -38  -212
1516  -39  -214
1504  -40  -215
1504  -40  -217
1500  -40  -219
1516  -40  -220
1504  -40  -221
1512  -40  -221
1500  -40  -221
1500  -40  -221
1512  -39  -221
1508  -38  -220
1512  -37  -220
1500  -36  -220
1512  -35  -219
1508  -34  -218
1512  -32  -217
1500  -31  -216
1508  -30  -215
1496  -28  -213
1504  -27  -212
1496  -25  -210
1460  -23  -208
1472  -21  -207
1452  -19  -205
1456  -17  -204
1496  -16  -202
1504  -14  -201
1500  -12  -199
1512  -11  -197
1500  -9  -196
1448  -8  -194
1440  -7  -192
1436  -7  -190
1444  -5  -189
1432  -5  -187
1444  -4  -186
1440  -3  -184
1440  -2  -183
1444  -2  -182
1440  -1  -181
1452  -1  -180
1424  0  -179
1400  0  -179
1408  0  -178
1396  0  -178
1424  1  -177
1412  1  -177
1408  1  -177
1420  1  -177
1412  1  -178
1404  1  -178
1412  1  -178
1408  1  -179
1412  1  -179
1412  1  -180
1412  1  -181
1420  1  -182
1408  1  -183
1412  1  -184
1408  0  -185
1400  0  -186
1400  0  -188
1416  -1  -189
1432  -1  -190
1448  -2  -192
1436  -2  -193
1444  -3  -195
1436  -3  -197
1440  -4  -199
1440  -5  -201
1436  -6  -203
1440  -6  -205
1428  -7  -207
1440  -8  -209
1444  -9  -211
1432  -10  -213
1500  -11  -216
1496  -12  -219
1504  -13  -221
1500  -14  -224
1492  -15  -227
1496  -16  -230
1492  -18  -232
1500  -19  -235
1484  -20  -238
1460  -22  -240
1464  -23  -243
1468  -25  -245
1448  -26  -248
1496  -28  -250
1496  -29  -252
1496  -31  -255
1504  -32  -257
1508  -34  -258
1512  -36  -260
1508  -37  -262
1520  -38  -263
1516  -39  -265
1516  -40  -266
1508  -41  -267
1520  -42  -268
1512  -43  -269
1508  -43  -269
1504  -43  -270
1516  -44  -270
1504  -44  -270
1512  -44  -270
1504  -43  -270
1516  -43  -269
1508  -42  -269
1512  -42  -268
1520  -41  -267
1508  -40  -265
1524  -39  -264
1500  -39  -262
1524  -38  -260
1508  -37  -257
1516  -36  -255
1500  -34  -253
1512  -33  -250
1496  -32  -248
1508  -30  -245
1492  -28  -242
1500  -27  -240
1440  -25  -237
1476  -24  -234
1464  -23  -231
1448  -21  -228
1452  -20  -226
1500  -18  -223
1500  -17  -221
1500  -15  -218
1500  -14  -216
1500  -12  -213
1500  -11  -210
1508  -10  -208
1500  -9  -205
1444  -9  -202
1440  -8  -200
1444  -8  -197
1440  -7  -195
1436  -6  -193
1448  -6  -191
1436  -5  -189
1436  -5  -188
1432  -5  -186
1428  -5  -184
1448  -5  -183
1440  -5  -182
1448  -4  -181
1432  -4  -180
1440  -4  -179
1432  -4  -179
1424  -4  -179
1436  -4  -179
1436  -4  -178
1440  -5  -178
1428  -5  -178
1436  -6  -178
1444  -6  -179
1428  -7  -179
1432  -8  -179
1424  -8  -179
1432  -9  -180
1440  -9  -181
1424  -10  -181
1492  -11  -182
1492  -12  -183
1492  -13  -183
1496  -14  -184
1440  -16  -185
1468  -17  -185
1460  -18  -186
1472  -19  -187
1452  -20  -188
1452  -21  -189
1456  -22  -190
1492  -23  -190
1500  -24  -191
1496  -25  -192
1496  -26  -192
1496  -28  -192
1504  -29  -192
1500  -30  -193
1500  -30  -193
1508  -31  -192
1504  -32  -192
1492  -32  -192
1504  -33  -191
1512  -33  -190
1500  -33  -189
1516  -34  -188
1504  -34  -187
1508  -34  -185
1508  -34  -184
1512  -33  -182
1508  -33  -180
1516  -32  -178
1504  -32  -176
1512  -31  -173
1500  -30  -171
1520  -29  -168
1500  -29  -165
1516  -28  -161
1504  -26  -158
1508  -25  -154
1504  -24  -151
1500  -22  -147
1500  -21  -144
1496  -19  -140
1504  -18  -136
1444  -16  -132
1456  -15  -129
1468  -13  -125
1480  -12  -121
1440  -10  -117
1448  -8  -114
1428  -7  -110
1436  -5  -107
1436  -3  -104
1432  -2  -101
1432  -1  -97
1348  0  -94
1360  1  -91
1340  2  -87
1348  2  -84
1340  3  -81
1344  4  -78
1348  4  -75
1348  5  -73
1344  5  -70
1348  6  -68
1348  6  -66
1340  7  -64
1344  7  -61
1348  7  -59
1340  7  -57
1348  7  -56
1348  7  -54
1344  7  -53
1348  7  -52
1348  7  -51
1344  7  -50
1336  6  -49
1356  6  -48
1324  6  -48
1344  5  -47
1332  5  -47
1348  4  -46
1328  3  -46
1328  3  -46
1336  2  -46
1328  1  -46
1316  0  -46
1336  -1  -46
1300  -2  -46
1312  -3  -46
1324  -4  -46
1332  -5  -46
1308  -7  -46
1348  -8  -46
1372  -9  -46
1352  -10  -46
1420  -11  -46
1440  -12  -45
1428  -14  -45
1436  -15  -45
1432  -16  -45
1440  -16  -44
1440  -17  -44
1440  -18  -43
1436  -18  -43
1440  -19  -42
1436  -20  -40
1448  -20  -39
1436  -20  -38
1448  -21  -36
1436  -21  -35
1440  -21  -33
1444  -21  -31
1440  -21  -28
1440  -21  -26
1436  -20  -23
1452  -20  -20
1440  -19  -16
1440  -19  -13
1448  -18  -9
1380  -17  -6
1376  -16  -2
1380  -15  2
1348  -14  6
1352  -12  10
1420  -11  14
1408  -9  19
1340  -8  23
1356  -6  28
1344  -5  32
1328  -3  37
1348  -1  41
1320  1  45
1272  2  50
1272  4  55
1272  6  59
1280  7  64
1264  9  69
1312  11  73
1368  12  78
1376  15  83
1388  16  88
1388  18  92
1376  20  97
1400  21  102
1452  23  107
1456  24  112
1460  25  117
1448  26  122
1460  27  127
1456  28  132
1460  30  136
1460  31  140
1456  32  144
1468  33  148
1456  34  152
1464  35  156
1452  35  159
1464  36  163
1456  36  166
1460  37  169
1464  38  172
1452  38  175
1464  39  177
1456  39  179
1460  40  181
1452  40  184
1452  40  186
1460  40  188
1448  40  190
1460  40  192
1456  40  194
1452  40  195
1460  40  196
1452  40  197
1460  39  198
1452  39  199
1464  38  200
1452  38  200
1460  37  201
1456  37  201
1452  36  201
1460  35  201
1452  34  201
1452  34  201
