5428  0  0
1176  -1  0
1212  -1  0
1216  -1  0
1228  -1  0
1212  -1  0
1220  -1  0
1216  -1  0
1220  -1  0
1216  -1  0
1224  -1  0
1220  -1  0
1216  -1  0
1216  -1  0
1220  -1  0
1224  -1  0
1216  -1  0
1220  -1  0
1212  -1  0
1220  -1  0
1228  -1  0
1212  -1  0
1088  0  0
1080  0  0
1072  0  0
1076  0  0
1076  0  0
1072  0  0
1072  0  0
1076  0  0
1076  0  0
1072  0  0
1076  0  0
1072  0  0
1072  0  0
1076  0  0
1084  0  0
1072  0  0
1076  0  0
1072  0  0
1076  0  0
1072  0  0
1072  0  0
1076  0  0
1076  0  0
1076  0  0
1072  0  0
1072  0  0
1076  0  0
1072  0  0
1076  0  0
1076  0  0
1072  0  0
1072  0  0
1076  0  0
1076  0  0
1072  0  0
1080  0  0
1076  0  0
1076  0  0
1072  0  0
1072  0  0
1076  0  0
1076  0  0
1072  0  0
1072  0  0
1076  0  0
1072  0  0
1076  0  0
1076  0  0
1072  0  0
1072  0  0
1076  0  0
1076  0  0
1072  0  0
1076  0  0
1072  0  0
1084  0  0
1072  0  0
1072  0  0
1076  0  0
1076  0  0
1072  0  0
1076  0  0
1072  0  0
1072  0  0
1076  0  0
1076  0  0
1076  0  0
1072  0  0
1072  0  0
1076  0  0
1072  0  0
1076  0  0
1076  0  0
1072  0  0
1072  0  0
1084  0  0
1072  0  0
1076  0  0
1072  0  0
1076  0  0
1076  0  0
1072  0  0
1072  0  0
1076  0  0
1076  0  0
1072  0  0
1072  0  0
1076  0  0
1200  -1  0
1220  -1  0
1224  -1  0
1216  -1  0
1220  -1  0
1212  -1  0
1220  -1  0
1228  -1  0
1212  -1  0
1220  -1  0
1216  -1  0
1220  -1  0
1224  -1  0
1216  -1  0
1216  -1  0
1220  -1  0
1216  -1  0
1224  -1  0
1220  -1  0
1216  -1  0
1220  -1  0
1212  -1  0
1220  -1  0
1228  -1  0
1212  -1  0
1220  -1  0
1216  -1  0
1220  -1  0
1224  -1  0
1216  -1  0
1228  -1  1
1228  -1  1
1224  -1  1
1236  -1  1
1228  -1  1
1228  -1  1
1224  -1  1
1228  -1  1
1236  -1  1
1224  -1  1
1228  -1  1
1228  -1  1
1224  -1  1
1236  -1  1
1224  -1  1
1232  -1  1
1224  -1  1
1228  -1  1
1232  -1  1
1232  -1  1
1224  -1  1
1228  -1  1
1228  -1  1
1232  -1  1
1228  -1  1
1224  -1  1
1228  -1  1
1228  -1  1
1232  -1  1
1228  -1  1
1228  -1  1
1224  -1  1
1232  -1  1
1232  -1  1
1228  -1  1
1224  -1  1
1232  -1  1
1224  -1  1
1236  -1  1
1224  -1  1
1228  -1  1
1228  -1  1
1224  -1  1
1236  -1  1
1228  -1  1
1224  -1  1
1228  -1  1
1228  -1  1
1236  -1  1
1224  -1  1
1228  -1  1
1228  -1  1
1224  -1  1
1236  -1  1
1228  -1  1
1228  -1  1
1224  -1  1
1216  0  1
1204  0  1
1184  0  1
1192  0  1
1192  0  1
1192  0  1
1188  0  1
1200  0  1
1192  0  1
1188  0  1
1196  0  1
1196  0  1
1184  0  1
1192  0  1
1204  0  1
1184  0  1
1192  0  1
1192  0  1
1192  0  1
1188  0  1
1200  0  1
1192  0  1
1188  0  1
1196  0  1
1192  0  1
1188  0  1
1200  0  1
1196  0  1
1184  0  1
1192  0  1
1192  0  1
1192  0  1
1200  0  1
1188  0  1
1192  0  1
1188  0  1
1196  0  1
1192  0  1
1196  0  1
1192  0  1
1196  0  1
1184  0  1
1192  0  1
1192  0  1
1196  0  1
1196  0  1
1188  0  1
1192  0  1
1188  0  1
1192  0  1
1200  0  1
1192  0  1
1192  0  1
1196  0  1
1184  0  1
1192  0  1
1204  0  1
1184  0  1
1192  0  1
1192  0  1
1192  0  1
1188  0  1
1200  0  1
1192  0  1
1192  0  1
1192  0  1
1192  0  1
1188  0  1
1200  0  1
1196  0  1
1184  0  1
1192  0  1
1192  0  1
1192  0  1
1200  0  1
1188  0  1
1192  0  1
1192  0  1
1192  0  1
1192  0  1
1196  0  1
1192  0  1
1196  0  1
1184  0  1
1196  0  1
1188  0  1
1192  0  1
1200  0  1
1188  0  1
1192  0  1
1192  0  1
1192  0  1
1192  0  1
1196  0  1
1192  0  1
1196  0  1
1184  0  1
1192  0  1
1192  0  1
1200  0  1
1192  0  1
1188  0  1
1192  0  1
1188  0  1
1196  0  1
1196  0  1
1192  0  1
1192  0  1
1196  0  1
1184  0  1
1192  0  1
1208  0  1
1180  0  1
1196  0  1
1188  0  1
1192  0  1
1188  0  1
1200  0  1
1192  0  1
1192  0  1
1192  0  1
1192  0  1
1188  0  1
1200  0  1
1196  0  1
1184  0  1
1192  0  1
1192  0  1
1192  0  1
1200  0  1
1188  0  1
1192  0  1
1192  0  1
1192  0  1
1192  0  1
1196  0  1
1192  0  1
1196  0  1
1184  0  1
1196  0  1
1188  0  1
1200  0  1
1192  0  1
1188  0  1
1192  0  1
1192  0  1
1192  0  1
1196  0  1
1196  0  1
1188  0  1
1196  0  1
1184  0  1
1196  0  1
1224  1  1
1212  1  1
1212  1  1
1212  1  1
1216  1  1
1208  1  1
1220  1  1
1216  1  1
1208  1  1
1212  1  1
1216  1  1
1220  1  1
1208  1  1
1216  1  1
1208  1  1
1216  1  1
1216  1  1
1216  1  1
1208  1  1
1216  1  1
1208  1  1
1216  1  1
1220  1  1
1212  1  1
1212  1  1
1212  1  1
1208  1  1
1220  1  1
1216  1  1
1184  1  0
1192  1  0
1196  1  0
1188  1  0
1200  1  0
1200  1  0
1184  1  0
1192  1  0
1192  1  0
1192  1  0
1200  1  0
1196  1  0
1188  1  0
1192  1  0
1188  1  0
1196  1  0
1200  1  0
1196  1  0
1184  1  0
1196  1  0
1188  1  0
1196  1  0
1196  1  0
1200  1  0
1184  1  0
1196  1  0
1188  1  0
1068  0  0
1072  0  0
1076  0  0
1076  0  0
1076  0  0
1072  0  0
1080  0  0
1076  0  0
1072  0  0
1072  0  0
1076  0  0
1076  0  0
1076  0  0
1072  0  0
1072  0  0
1076  0  0
1072  0  0
1076  0  0
1076  0  0
1072  0  0
1072  0  0
1076  0  0
1076  0  0
1072  0  0
1076  0  0
1072  0  0
1072  0  0
1084  0  0
1072  0  0
1076  0  0
1076  0  0
1072  0  0
1076  0  0
1072  0  0
1072  0  0
1076  0  0
1076  0  0
1072  0  0
1072  0  0
1076  0  0
1076  0  0
1072  0  0
1076  0  0
1072  0  0
1072  0  0
1076  0  0
1076  0  0
1080  0  0
1076  0  0
1072  0  0
1076  0  0
1072  0  0
1072  0  0
1076  0  0
1076  0  0
1076  0  0
1072  0  0
1208  -1  0
1208  -1  0
1224  -1  0
1220  -1  0
1216  -1  0
1216  -1  0
1220  -1  0
1216  -1  0
1224  -1  0
1220  -1  0
1216  -1  0
1220  -1  0
1212  -1  0
1236  -1  1
1228  -1  1
1228  -1  1
1224  -1  1
1232  -1  1
1232  -1  1
1228  -1  1
1224  -1  1
1228  -1  1
1228  -1  1
1232  -1  1
1228  -1  1
1228  -1  1
1224  -1  1
1228  -1  1
1232  -1  1
1232  -1  1
1224  -1  1
1228  -1  1
1228  -1  1
1236  -1  1
1224  -1  1
1228  -1  1
1228  -1  1
1224  -1  1
1236  -1  1
1224  -1  1
1224  -2  1
1224  -2  1
1220  -2  1
1232  -2  1
1220  -2  2
1220  -2  2
1220  -2  2
1220  -2  2
1224  -2  2
1220  -2  2
1220  -2  3
1216  -2  3
1220  -2  3
1224  -2  3
1216  -2  3
1220  -2  3
1224  -2  4
1224  -2  4
1228  -2  4
1228  -2  5
1224  -2  5
1220  -2  5
1224  -2  5
1224  -2  6
1228  -2  6
1220  -2  6
1220  -2  7
1224  -1  7
1232  -1  8
1232  -1  8
1228  -1  9
1224  -1  9
1224  -1  10
1292  -1  10
1284  0  10
1264  0  11
1256  0  11
1260  0  12
1264  0  12
1268  1  12
1264  1  13
1264  1  13
1272  1  13
1280  2  14
1280  2  14
1272  2  14
1288  2  15
1272  2  15
1280  2  16
1280  2  16
1288  2  16
1272  3  17
1272  3  17
1268  3  17
1280  3  18
1272  3  18
1272  3  18
1272  3  18
1280  3  18
1272  3  18
1268  3  19
1268  3  19
1276  3  19
1272  2  19
1272  2  19
1272  2  19
1276  2  19
1272  2  19
1272  2  19
1272  2  19
1268  2  19
1292  1  19
1272  1  19
1280  1  19
1276  1  19
1284  1  19
1256  0  19
1244  0  19
1252  0  19
1268  0  19
1252  0  19
1252  0  19
1264  -1  19
1284  -1  19
1284  -1  19
1288  -1  19
1284  -1  19
1292  -1  19
1288  -1  20
1284  -1  20
1284  -1  20
1292  -1  20
1284  -1  20
1284  -1  20
1284  -1  21
1292  -1  21
1284  -1  21
1292  -1  22
1284  -1  22
1292  -1  22
1328  -1  23
1328  -1  23
1336  -1  24
1324  -1  24
1328  -1  25
1324  -1  25
1336  -1  26
1324  -1  26
1276  0  27
1260  0  27
1248  0  28
1252  0  29
1240  0  29
1272  1  30
1276  1  30
1264  1  31
1280  2  32
1272  2  32
1284  2  33
1272  2  33
1280  3  34
1280  3  35
1284  3  35
1276  3  36
1280  4  36
1272  4  37
1276  4  38
1260  4  38
1260  4  38
1272  5  39
1280  5  40
1268  5  40
1276  5  41
1276  5  41
1276  5  41
1276  5  42
1280  5  42
1276  5  43
1280  5  43
1276  5  44
1276  5  44
1272  5  44
1288  5  45
1272  5  45
1272  5  45
1276  5  45
1280  5  45
1272  5  45
1276  5  45
1272  5  45
1280  5  45
1280  5  46
1272  5  46
1276  5  46
1280  5  46
1272  5  46
1280  4  46
1272  4  46
1272  4  46
1284  4  46
1272  4  46
1264  3  46
1264  3  46
1272  3  46
1260  3  46
1264  2  46
1264  2  46
1268  2  46
1264  2  46
1260  2  46
1304  1  46
1312  1  46
1304  1  46
1304  1  46
1300  1  46
1308  1  46
1308  1  46
1300  1  46
1312  1  46
1308  1  47
1300  1  47
1304  1  47
1308  1  47
1308  1  48
1300  1  48
1304  1  49
1312  1  49
1308  1  50
1300  1  50
1316  1  51
1308  1  52
1308  1  52
1308  1  53
1316  2  54
1300  2  54
1304  2  55
1312  2  56
1264  3  57
1264  3  57
1260  3  58
1268  4  59
1276  4  59
1264  4  60
1276  5  61
1272  5  61
1280  5  62
1268  6  63
1264  6  63
1288  7  64
1284  7  65
1276  7  65
1276  7  66
1272  8  67
1272  8  67
1272  8  68
1272  8  68
1276  8  69
1280  8  70
1260  9  70
1268  9  71
1260  9  71
1280  9  72
1264  9  72
1268  9  72
1268  9  73
1272  9  73
1268  9  73
1264  9  73
1272  9  74
1264  9  74
1276  9  74
1264  9  74
1272  9  74
1264  9  74
1276  9  74
1276  8  74
1276  8  74
1276  8  74
1284  8  74
1272  7  74
1264  7  74
1272  7  74
1272  7  74
1272  6  74
1268  6  74
1272  6  74
1284  6  73
1268  6  73
1264  5  73
1256  5  73
1268  5  73
1256  5  73
1264  4  73
1256  4  73
1308  4  74
1300  4  74
1300  4  74
1300  4  74
1304  4  74
1300  4  74
1300  4  74
1300  4  74
1308  4  74
1304  4  75
1296  4  75
1308  4  75
1304  4  76
1300  4  76
1308  4  77
1304  4  77
1304  4  78
1300  4  78
1300  4  78
1316  4  79
1304  4  80
1264  5  81
1256  5  81
1272  5  82
1260  5  83
1260  6  83
1260  6  84
1272  6  85
1268  7  85
1264  7  86
1268  7  87
1288  8  87
1280  8  88
1272  8  89
1272  9  89
1284  9  90
1288  9  91
1276  10  92
1336  10  92
1356  10  93
1336  11  94
1332  11  94
1340  11  95
1328  11  95
1332  12  96
1336  12  96
1332  12  97
1328  12  97
1332  12  98
1340  12  98
1328  12  98
1328  12  99
1332  12  99
1324  12  99
1328  12  99
1332  12  99
1328  12  99
1324  12  99
1324  12  99
1336  12  99
1324  12  99
1340  11  99
1344  11  99
1340  11  99
1336  11  99
1344  10  99
1332  10  99
1328  10  99
1340  9  99
1288  9  99
1272  9  99
1272  9  99
1268  8  99
1276  8  99
1264  8  99
1268  8  99
1264  8  99
1268  7  99
1260  7  99
1256  7  99
1260  7  99
1264  7  99
1256  7  99
1260  7  99
1256  7  99
1260  7  99
1264  7  99
1256  7  99
1260  7  99
1256  7  99
1268  7  100
1316  7  100
1324  7  100
1336  8  100
1344  8  101
1332  8  101
1328  8  101
1340  8  102
1332  8  102
1340  9  102
1344  9  103
1336  9  103
1344  9  104
1344  9  104
1336  9  105
1340  10  105
1404  10  105
1420  10  106
1412  10  106
1420  10  106
1408  10  106
1412  10  107
1412  10  107
1416  10  108
1416  10  108
1408  10  108
1412  10  109
1416  10  109
1396  11  109
1396  11  109
1400  11  109
1396  11  109
1400  11  109
1396  11  109
1408  11  110
1416  11  110
1404  11  110
1408  11  110
1408  11  110
1416  10  110
1416  10  110
1408  10  110
1404  10  110
1420  10  110
1408  10  110
1408  10  110
1416  10  110
1408  10  110
1416  10  110
1412  10  110
1400  9  110
1348  9  110
1332  9  110
1328  9  110
1340  9  110
1336  9  110
1328  9  110
1332  9  110
1340  9  110
1332  9  110
1332  9  110
1340  9  110
1332  9  110
1332  9  110
1336  9  110
1336  9  110
1328  9  110
1332  9  110
1340  9  110
1336  9  110
1328  9  111
1340  9  111
1328  9  111
1328  9  111
1340  9  111
1328  9  111
1328  9  111
1340  9  112
1328  9  112
1324  9  112
1328  9  112
1336  9  112
1336  10  113
1396  10  113
1404  10  113
1400  10  113
1400  10  113
1408  10  113
1400  10  113
1412  11  113
1400  11  114
1396  11  114
1404  11  114
1400  11  114
1396  11  114
1404  11  114
1396  11  114
1404  11  114
1396  11  114
1396  11  114
1404  11  114
1396  11  114
1396  11  114
1404  11  114
1396  11  114
1400  11  114
1400  11  114
1408  10  114
1412  10  114
1404  10  114
1404  10  114
1412  10  114
1400  10  114
1404  10  114
1412  10  114
1404  10  114
1408  10  114
1404  10  114
1408  10  114
1408  10  114
1404  10  114
1404  10  114
1412  10  114
1404  10  114
1412  10  114
1404  10  114
1400  10  114
1412  10  114
1404  10  114
1404  10  114
1412  10  114
1404  10  114
1408  10  114
1408  10  114
1400  10  114
1412  10  114
1404  10  114
1404  10  114
1412  10  114
1396  11  114
1404  11  114
1396  11  114
1400  11  114
1400  11  114
1400  11  114
1396  11  114
1404  11  114
1396  11  114
1396  11  114
1404  11  114
1396  11  114
1404  11  114
1396  11  114
1400  11  114
1400  11  114
1400  11  114
1392  11  114
1408  11  114
1392  11  114
1396  11  114
1404  11  114
1396  11  114
1404  11  114
1396  11  114
1400  11  114
1400  11  114
1400  11  114
1396  11  114
1404  11  114
1396  11  114
1404  11  114
1396  11  114
1396  11  114
1404  11  114
1396  11  114
1400  11  114
1400  11  114
1400  11  114
1404  12  114
1416  12  114
1404  12  114
1408  12  114
1408  12  114
1404  12  114
1416  12  114
1404  12  114
1404  12  114
1412  12  114
1404  12  114
1416  12  114
1400  13  114
1400  13  114
1404  13  114
1404  13  113
1396  13  113
1404  13  113
1400  13  113
1404  13  113
1396  13  113
1400  13  113
1404  13  113
1396  13  113
1404  13  112
1408  13  112
1396  13  112
1396  13  112
1412  13  111
1396  13  111
1404  13  111
1396  13  111
1400  13  110
1404  12  110
1400  12  110
1400  12  110
1416  12  109
1400  12  109
1408  12  109
1404  12  109
1408  12  108
1408  12  108
1400  12  108
1404  12  107
1404  12  107
1396  12  107
1412  12  106
1396  12  106
1400  12  106
1404  12  106
1416  11  105
1408  11  105
1420  11  105
1412  11  104
1412  11  104
1408  11  104
1404  11  104
1416  11  104
1412  11  103
1408  11  103
1416  11  103
1412  11  102
1412  11  102
1408  11  102
1404  11  102
1416  11  101
1400  11  101
1400  11  101
1408  11  101
1404  11  100
1408  11  100
1400  11  100
1400  11  100
1416  11  99
1344  11  99
1336  11  99
1348  11  99
1336  11  99
1340  11  99
1336  11  99
1348  11  98
1336  11  98
1336  11  98
1344  11  98
1336  11  98
1336  11  98
1344  11  97
1328  11  97
1336  12  97
1336  12  97
1328  12  97
1328  12  97
1332  12  96
1332  12  96
1336  12  95
1324  12  95
1336  12  95
1328  12  94
1320  12  94
1336  12  94
1320  12  94
1332  12  93
1324  12  93
1332  12  93
1332  12  92
1324  12  92
1340  12  91
1324  12  91
1328  12  90
1332  12  90
1332  12  89
1324  12  89
1340  11  88
1340  11  88
1336  11  87
1336  11  86
1332  11  86
1336  11  85
1332  10  85
1348  10  84
1336  10  84
1336  10  83
1336  10  82
1352  9  82
1284  9  81
1272  9  81
1280  9  80
1264  9  80
1276  8  79
1268  8  79
1280  8  78
1272  8  78
1280  8  77
1268  8  77
1280  8  76
1284  8  76
1284  8  75
1272  8  75
1280  7  74
1276  7  74
1264  7  73
1264  7  73
1276  7  72
1276  7  72
1272  7  72
1304  7  71
1296  7  71
1304  7  71
1276  7  70
1268  7  70
1272  7  70
1280  7  70
1264  7  69
1264  7  69
1260  7  69
1272  7  69
1260  7  69
1264  7  69
1272  8  69
1276  8  69
1276  8  69
1272  8  68
1272  8  68
1276  8  68
1260  9  68
1260  9  68
1260  9  68
1264  9  68
1268  9  67
1264  9  67
1264  9  67
1312  10  67
1360  10  67
1368  10  66
1376  10  66
1364  10  66
1376  10  65
1376  10  65
1368  10  65
1364  10  65
1380  10  64
1368  10  64
1368  10  64
1380  10  63
1364  10  63
1376  11  62
1376  11  62
1368  11  61
1372  11  61
1380  11  60
1376  11  59
1368  11  59
1384  10  58
1376  10  57
1376  10  57
1384  10  56
1376  10  55
1380  9  54
1316  9  53
1304  9  52
1304  9  51
1264  8  50
1260  8  50
1260  8  49
1268  7  48
1264  7  47
1276  7  46
1260  6  46
1268  6  45
1276  6  44
1284  5  43
1280  5  42
1276  5  41
1292  4  41
1300  4  40
1276  4  39
1280  3  38
1280  3  37
1284  3  37
1276  3  36
1272  2  35
1276  2  34
1272  2  34
1276  2  33
1280  2  32
1272  2  32
1280  1  31
1268  1  30
1264  1  30
1268  1  30
1280  1  29
1264  1  29
1268  1  29
1272  1  28
1272  1  28
1268  1  28
1264  1  28
1272  1  28
1272  2  28
1280  2  28
1276  2  27
1276  2  27
1276  2  27
1280  3  27
1268  3  27
1276  3  27
1268  4  27
1276  4  27
1268  4  27
1264  5  27
1264  5  27
1268  5  27
1304  6  27
1296  6  27
1300  6  27
1312  7  27
1304  7  27
1300  7  27
1312  7  27
1308  8  27
1300  8  27
1304  8  27
1312  8  27
1304  8  27
1304  8  27
1304  8  27
1312  8  27
1308  8  26
1304  8  26
1312  8  26
1308  8  26
1308  8  25
1304  8  25
1316  8  24
1304  8  24
1312  8  23
1312  8  23
1312  8  22
1308  8  22
1312  8  21
1320  8  20
1316  8  19
1308  8  19
1312  7  18
1316  7  17
1308  7  16
1316  7  15
1312  7  15
1308  6  14
1304  6  13
1304  6  12
1316  5  11
1308  5  10
1308  5  9
1196  4  8
1252  4  7
1236  4  6
1236  4  5
1200  3  4
1188  3  3
1216  2  2
1204  2  1
1200  2  1
1196  1  0
1200  1  -1
1224  1  -2
1224  0  -3
1212  0  -4
1220  0  -5
1240  -1  -6
1264  -1  -6
1252  -1  -7
1252  -1  -8
1252  -2  -9
1252  -2  -9
1264  -2  -10
1320  -2  -11
1324  -2  -11
1324  -3  -12
1312  -3  -12
1320  -3  -13
1316  -3  -13
1320  -3  -13
1312  -3  -14
1312  -3  -14
1312  -3  -14
1316  -3  -14
1316  -3  -15
1312  -3  -15
1320  -3  -15
1324  -2  -15
1324  -2  -15
1332  -2  -15
1324  -2  -15
1324  -1  -15
1324  -1  -15
1308  0  -15
1280  0  -15
1272  0  -15
1288  1  -15
1292  1  -15
1328  2  -15
1324  2  -15
1328  2  -15
1336  3  -15
1328  3  -15
1332  3  -15
1336  4  -15
1328  4  -15
1332  4  -15
1336  4  -15
1328  4  -15
1332  4  -15
1348  5  -15
1324  5  -15
1336  5  -15
1340  5  -15
1340  5  -15
1328  5  -15
1332  5  -15
1340  5  -16
1324  5  -16
1332  5  -16
1336  5  -16
1328  5  -17
1324  5  -17
1332  5  -17
1340  5  -18
1328  4  -18
1336  4  -19
1344  4  -20
1336  4  -20
1332  4  -21
1348  4  -22
1336  4  -22
1328  4  -23
1344  4  -24
1332  4  -24
1340  3  -25
1324  3  -26
1344  3  -27
1332  3  -28
1324  2  -28
1340  2  -29
1328  2  -30
1332  1  -31
1336  1  -31
1332  1  -32
1272  0  -33
1312  0  -34
1320  0  -35
1316  0  -36
1308  0  -36
1296  -1  -37
1304  -1  -38
1312  -1  -39
1312  -1  -40
1320  -2  -41
1312  -2  -41
1308  -2  -42
1312  -2  -43
1324  -3  -43
1320  -3  -44
1316  -3  -45
1320  -3  -45
1328  -4  -46
1320  -4  -46
1332  -4  -47
1324  -4  -47
1324  -4  -47
1324  -4  -48
1316  -5  -48
1324  -5  -49
1316  -5  -49
1328  -5  -49
1316  -5  -49
1316  -5  -49
1332  -5  -50
1332  -5  -50
1328  -5  -50
1324  -5  -50
1332  -4  -50
1320  -4  -50
1324  -4  -50
1328  -4  -50
1316  -3  -50
1312  -3  -50
1308  -3  -50
1320  -3  -50
1308  -2  -50
1308  -2  -50
1364  -1  -50
1352  -1  -50
1348  -1  -50
1332  0  -50
1320  0  -50
1308  0  -50
1312  0  -50
1348  1  -50
1324  1  -50
1332  1  -50
1344  1  -50
1332  1  -50
1332  1  -50
1332  1  -50
1340  1  -50
1340  1  -50
1328  1  -50
1340  1  -50
1332  1  -50
1336  1  -50
1348  1  -51
1336  1  -51
1328  1  -51
1336  1  -51
1340  1  -51
1340  1  -51
1336  1  -52
1344  1  -52
1340  1  -53
1324  1  -53
1340  1  -53
1336  1  -54
1336  1  -55
1340  1  -55
1344  1  -56
1336  1  -56
1312  0  -57
1324  0  -57
1320  0  -58
1320  0  -59
1324  0  -59
1320  0  -60
1316  0  -60
1348  -1  -61
1344  -1  -61
1356  -1  -62
1356  -1  -63
1360  -2  -63
1356  -2  -64
1348  -2  -64
1368  -2  -65
1348  -3  -65
1344  -3  -66
1368  -3  -67
1348  -3  -67
1304  -4  -68
1316  -4  -68
1308  -4  -69
1312  -4  -70
1304  -4  -70
1316  -4  -70
1316  -5  -71
1308  -5  -71
1316  -5  -72
1308  -5  -72
1308  -5  -72
1320  -6  -73
1324  -6  -73
1320  -6  -73
1316  -6  -73
1324  -6  -73
1320  -6  -74
1316  -6  -74
1316  -6  -74
1324  -6  -74
1316  -6  -74
1316  -6  -74
1324  -6  -74
1316  -6  -74
1316  -6  -74
1316  -6  -74
1316  -5  -74
1304  -5  -74
1304  -5  -74
1312  -5  -74
1356  -4  -74
1336  -4  -74
1356  -4  -74
1344  -4  -74
1360  -3  -74
1348  -3  -74
1360  -3  -74
1348  -3  -74
1344  -2  -74
1368  -2  -74
1348  -2  -74
1344  -2  -74
1368  -2  -74
1348  -2  -74
1344  -2  -74
1368  -2  -74
1348  -2  -74
1344  -2  -74
1364  -2  -74
1352  -2  -74
1340  -2  -74
1364  -2  -74
1352  -2  -74
1344  -2  -74
1364  -2  -74
1352  -2  -74
1348  -2  -74
1360  -3  -74
1348  -3  -74
1348  -3  -74
1364  -3  -75
1356  -3  -75
1352  -3  -75
1348  -3  -75
1364  -3  -75
1360  -3  -76
1356  -3  -76
1360  -3  -76
1356  -3  -77
1348  -3  -77
1368  -3  -77
1352  -4  -78
1340  -4  -78
1360  -4  -78
1352  -4  -78
1340  -4  -78
1364  -4  -79
1348  -4  -79
1340  -4  -79
1364  -4  -79
1352  -4  -80
1340  -4  -80
1368  -4  -80
1348  -4  -80
1300  -5  -80
1304  -5  -80
1316  -5  -81
1304  -5  -81
1304  -5  -81
1312  -5  -81
1304  -5  -81
1304  -5  -81
1304  -5  -81
1312  -5  -81
1304  -5  -81
1304  -5  -81
1312  -5  -81
1304  -5  -81
1304  -5  -81
1304  -5  -81
1312  -5  -81
1304  -5  -81
1304  -5  -81
1304  -5  -81
1312  -5  -81
1304  -5  -81
1304  -5  -81
1312  -5  -81
1304  -5  -81
1304  -5  -81
1304  -5  -81
1312  -5  -81
1304  -5  -81
1304  -5  -81
1304  -5  -81
1312  -5  -81
1304  -5  -81
1304  -5  -81
1312  -5  -81
1304  -5  -81
1304  -5  -81
1304  -5  -81
1312  -5  -81
1304  -5  -81
1304  -5  -81
1312  -5  -81
1304  -5  -81
1304  -5  -81
1304  -5  -81
1312  -5  -81
1304  -5  -81
1304  -5  -81
1304  -5  -81
1312  -5  -81
1304  -5  -81
1304  -5  -81
1312  -5  -81
1304  -5  -81
1304  -5  -81
1304  -5  -81
1312  -5  -81
1316  -6  -81
1308  -6  -81
1312  -6  -81
1316  -6  -81
1312  -6  -81
1312  -6  -81
1312  -6  -81
1312  -6  -81
1312  -6  -81
1312  -6  -81
1316  -6  -81
1312  -6  -81
1312  -6  -81
1316  -6  -81
1308  -6  -81
1312  -6  -81
1312  -6  -81
1316  -6  -81
1312  -6  -81
1316  -6  -80
1328  -7  -80
1324  -7  -80
1320  -7  -80
1320  -7  -80
1332  -7  -79
1316  -7  -79
1320  -7  -79
1324  -7  -79
1316  -7  -79
1328  -7  -78
1320  -7  -78
1332  -7  -78
1324  -7  -78
1324  -7  -77
1332  -7  -77
1324  -7  -76
1320  -7  -76
1324  -7  -76
1320  -7  -75
1316  -7  -75
1316  -7  -75
1324  -6  -75
1320  -6  -74
1316  -6  -74
1324  -6  -74
1320  -6  -73
1320  -6  -73
1304  -5  -73
1320  -5  -72
1304  -5  -72
1316  -5  -71
1320  -5  -71
1312  -5  -71
1312  -5  -70
1316  -5  -70
1320  -5  -70
1312  -4  -69
1304  -4  -69
1320  -4  -68
1304  -4  -68
1316  -4  -67
1304  -4  -67
1320  -4  -67
1304  -4  -67
1316  -4  -66
1304  -4  -66
1316  -4  -66
1316  -4  -65
1312  -4  -65
1316  -4  -65
1316  -4  -64
1312  -4  -64
1312  -4  -64
1316  -4  -64
1312  -4  -64
1312  -4  -63
1312  -4  -63
1308  -4  -63
1308  -4  -63
1312  -4  -62
1316  -4  -62
1304  -4  -62
1312  -4  -62
1316  -4  -62
1304  -4  -62
1308  -4  -62
1316  -5  -62
1332  -5  -61
1312  -5  -61
1316  -5  -61
1324  -5  -61
1328  -5  -60
1320  -5  -60
1328  -6  -60
1336  -6  -60
1328  -6  -60
1328  -6  -60
1332  -6  -60
1320  -6  -59
1312  -6  -59
1312  -6  -59
1324  -6  -58
1312  -6  -58
1312  -6  -58
1320  -6  -58
1324  -6  -57
1316  -6  -57
1328  -6  -57
1316  -6  -57
1328  -6  -56
1324  -6  -56
1328  -6  -56
1324  -6  -55
1320  -6  -55
1336  -6  -54
1320  -6  -54
1324  -6  -53
1320  -6  -53
1336  -6  -52
1320  -6  -52
1324  -6  -52
1332  -6  -51
1320  -6  -51
1320  -6  -50
1328  -6  -49
1320  -6  -49
1324  -6  -48
1320  -6  -47
1324  -6  -47
1312  -6  -46
1312  -6  -46
1340  -5  -45
1324  -5  -44
1328  -5  -43
1324  -5  -43
1332  -5  -42
1328  -5  -41
1336  -4  -41
1348  -4  -40
1328  -4  -39
1312  -4  -38
1336  -4  -37
1328  -3  -37
1320  -3  -36
1332  -3  -35
1332  -3  -34
1320  -3  -34
1328  -2  -33
1328  -2  -32
1324  -2  -31
1320  -2  -30
1320  -2  -30
1328  -1  -29
1320  -1  -28
1312  -1  -28
1328  -1  -27
1312  -1  -26
1312  -1  -26
1300  0  -25
1288  0  -24
1276  0  -24
1272  0  -23
1264  0  -23
1280  0  -22
1268  0  -22
1272  0  -22
1276  0  -21
1276  0  -21
1276  0  -20
1276  0  -20
1276  0  -19
1284  0  -19
1276  0  -19
1280  0  -18
1276  0  -18
1280  0  -18
1284  0  -17
1276  0  -17
1300  -1  -17
1324  -1  -17
1328  -1  -16
1320  -1  -16
1336  -1  -16
1328  -2  -15
1324  -2  -15
1324  -2  -15
1328  -2  -15
1328  -2  -15
1308  -3  -15
1324  -3  -14
1312  -3  -14
1308  -3  -14
1312  -3  -14
1320  -4  -13
1308  -4  -13
1308  -4  -13
1316  -4  -12
1308  -4  -12
1356  -5  -12
1364  -5  -11
1348  -5  -11
1360  -5  -10
1360  -5  -10
1356  -5  -9
1296  -5  -8
1284  -5  -7
1296  -5  -7
1288  -5  -6
1304  -5  -5
1288  -5  -4
1308  -5  -4
1280  -4  -3
1288  -4  -2
1288  -4  -1
1280  -4  0
1276  -4  1
1224  -3  2
1256  -3  3
1268  -3  4
1228  -2  5
1224  -2  6
1220  -2  7
1228  -1  8
1232  -1  10
1276  0  11
1268  0  12
1264  1  13
1284  1  14
1276  1  15
1288  2  16
1272  2  17
1280  3  18
1276  3  20
1280  3  21
1272  4  22
1272  4  23
1272  4  24
1264  4  25
1272  5  26
1268  5  27
1264  5  28
1264  6  29
1256  6  29
1260  6  30
1272  6  31
1304  7  32
1300  7  32
1312  7  33
1304  7  34
1296  7  34
1304  7  35
1304  7  35
1300  7  35
1304  7  36
1260  6  36
1272  6  36
1268  6  37
1260  6  37
1272  5  37
1280  5  37
1264  5  37
1280  4  37
1272  4  37
1280  4  37
1272  4  37
1280  3  37
1276  3  37
1280  2  37
1264  2  37
1268  1  37
1264  1  38
1296  0  38
1288  0  38
1292  0  38
1304  -1  38
1328  -1  38
1348  -2  39
1324  -2  39
1340  -2  39
1336  -2  39
1332  -2  40
1332  -3  40
1340  -3  41
1324  -3  41
1336  -3  42
1336  -3  42
1332  -3  43
1332  -3  44
1340  -3  44
1332  -3  45
1332  -3  46
1336  -3  47
1344  -2  48
1332  -2  49
1328  -2  50
1340  -2  51
1352  -1  52
1332  -1  53
1328  0  55
1300  0  56
1300  0  57
1304  1  59
1316  1  60
1308  2  62
1304  3  64
1312  3  65
1268  4  67
1260  4  69
1276  5  70
1272  6  72
1280  6  73
1272  7  75
1288  8  76
1268  8  78
1288  9  79
1268  10  81
1328  10  82
1340  11  84
1332  11  85
1376  12  87
1376  12  88
1372  13  90
1376  13  91
1380  14  92
1368  14  93
1380  15  95
1380  15  96
1380  15  97
1376  15  98
1376  15  98
1376  15  99
1372  15  100
1448  15  101
1432  15  101
1444  15  102
1432  15  102
1424  15  102
1440  15  102
1436  15  102
1440  15  102
1436  14  102
1428  14  102
1400  13  102
1396  13  102
1396  12  102
1404  12  102
1412  11  102
1428  10  102
1416  10  102
1404  9  102
1352  9  102
1332  8  102
1332  8  102
1336  7  102
1368  6  102
1372  6  102
1380  5  102
1368  5  102
1380  4  102
1380  4  102
1376  4  102
1380  4  102
1380  4  102
1376  4  102
1380  4  103
1384  4  103
1376  4  103
1380  4  104
1384  4  104
1384  4  105
1376  4  106
1384  4  106
1376  4  107
1376  4  108
1380  4  109
1384  5  110
1388  5  112
1368  6  113
1372  6  114
1380  6  116
1380  7  117
1372  7  119
1380  8  120
1376  8  122
1328  9  123
1376  9  125
1336  10  126
1396  11  128
1428  12  130
1408  12  131
1416  13  133
1420  14  134
1408  15  135
1408  15  137
1404  16  138
1400  16  140
1404  17  141
1396  17  143
1440  18  144
1460  19  145
1444  19  146
1456  19  148
1440  20  148
1452  20  149
1444  20  150
1448  21  151
1456  21  152
1444  21  152
1456  21  153
1440  21  153
1444  21  154
1452  21  154
1440  21  154
1448  21  154
1440  20  154
1432  20  154
1452  19  154
1428  19  154
1408  18  153
1396  18  153
1400  17  153
1404  17  153
1412  16  153
1412  16  152
1432  15  152
1420  15  152
1416  14  152
1408  13  151
1400  13  151
1408  12  151
1388  12  151
1456  11  151
1440  10  151
1428  10  151
1456  10  151
1444  9  151
1380  9  151
1376  9  151
1376  9  151
1380  9  151
1376  9  151
1380  9  152
1380  9  152
1372  9  152
1380  9  153
1380  9  153
1380  9  154
1380  10  155
1448  10  155
1444  10  156
1456  11  157
1444  11  158
1444  12  159
1448  12  160
1392  13  161
1404  13  162
1400  14  164
1396  14  165
1416  15  166
1400  15  167
1416  16  168
1420  16  170
1408  17  171
1436  17  172
1416  18  173
1416  18  174
1416  19  175
1408  19  176
1404  19  177
1412  20  178
1396  20  178
1456  21  179
1392  21  180
1400  21  181
1452  22  181
1440  22  182
1444  22  182
1436  22  183
1428  22  183
1448  22  184
1436  22  184
1440  22  184
1428  22  184
1432  22  184
1404  21  184
1388  21  184
1392  21  184
1396  21  184
1404  20  184
1404  20  184
1400  20  183
1412  19  183
1412  19  183
1408  19  182
1404  19  182
1428  18  182
1416  18  182
1420  18  181
1416  17  181
1412  17  181
1420  17  181
1408  16  180
1408  16  180
1396  15  180
1392  15  180
1400  15  180
1388  15  180
1440  14  180
1448  14  180
1436  14  180
1444  14  180
1432  14  180
1432  14  180
1448  14  180
1436  14  180
1440  14  180
1440  14  181
1392  15  181
1400  15  181
1388  15  181
1400  15  182
1412  16  182
1396  16  182
1408  16  182
1408  17  183
1408  17  183
1408  17  184
1412  18  184
1404  18  184
1408  18  185
1396  18  185
1416  18  186
1408  19  186
1412  19  187
1412  19  187
1416  19  188
1416  19  188
1416  19  188
1416  19  188
1420  19  189
1404  19  189
1404  19  189
1416  19  189
1404  19  189
1412  20  189
1400  20  189
1400  20  189
1408  20  189
1400  20  189
1400  20  189
1404  20  189
1400  20  189
1400  20  189
1420  19  189
1408  19  189
1412  19  189
1408  19  189
1404  19  189
1416  19  189
1404  19  189
1408  19  189
1428  19  188
1408  18  188
1416  18  188
1420  18  187
1412  18  187
1420  18  187
1412  18  187
1420  18  187
1416  18  187
1408  18  186
1412  18  186
1404  18  186
1404  18  186
1416  18  186
1404  18  186
1412  18  186
1404  18  186
1404  18  186
1416  18  186
1404  18  186
1404  18  186
1416  19  186
1412  19  186
1416  19  186
1404  19  186
1408  19  186
1416  19  186
1412  19  186
1404  19  186
1416  19  186
1408  19  186
1416  19  186
1404  20  186
1400  20  186
1412  20  185
1400  20  185
1396  20  185
1408  20  185
1396  20  185
1404  20  185
1400  20  185
1396  20  185
1408  20  185
1396  20  185
1404  20  184
1400  21  184
1392  21  184
1388  21  184
1404  21  183
1392  21  183
1404  21  182
1396  21  182
1396  21  182
1404  21  181
1396  21  181
1388  21  181
1408  21  180
1408  20  179
1408  20  179
1400  20  178
1396  20  178
1412  20  177
1392  20  177
1400  20  176
1420  19  175
1400  19  175
1408  19  174
1412  19  173
1396  19  173
1420  18  172
1408  18  171
1412  18  170
1416  18  169
1416  17  169
1424  17  168
1412  17  167
1408  17  167
1424  16  166
1404  16  165
1412  16  164
1408  16  164
1424  16  163
1432  16  162
1420  16  162
1412  16  161
1420  15  161
1412  15  160
1420  15  159
1416  15  159
1416  15  158
1416  15  158
1416  15  157
1408  15  157
1420  15  156
1404  15  156
1412  15  155
1400  15  155
1400  15  154
1404  15  154
1396  15  154
1400  15  154
1420  15  153
1408  15  153
1416  15  153
1424  15  152
1412  16  152
1408  16  152
1412  16  151
1404  16  151
1408  16  151
1400  16  151
1412  17  150
1396  17  150
1388  17  150
1400  17  150
1400  17  149
1396  17  149
1448  18  149
1436  18  149
1448  18  148
1432  18  148
1440  18  147
1444  18  147
1452  19  146
1444  19  146
1444  19  145
1432  19  145
1456  19  144
1444  19  143
1448  19  142
1436  19  142
1452  19  141
1448  18  140
1444  18  139
1452  18  138
1444  18  137
1452  18  137
1440  17  135
1432  17  134
1456  17  133
1440  17  132
1404  16  131
1396  16  130
1440  16  129
1452  16  128
1400  15  126
1404  15  125
1396  15  124
1408  14  123
1404  14  121
1396  14  120
1416  13  119
1408  13  118
1420  12  117
1420  12  116
1408  12  114
1416  11  113
1432  11  112
1424  11  111
1420  10  110
1420  10  109
1416  10  108
1416  10  107
1408  9  106
1344  9  105
1348  9  104
1344  9  103
1336  9  102
1344  9  102
1340  9  101
1344  9  100
1348  9  99
1288  9  98
1280  9  97
1272  9  97
1280  9  96
1280  9  96
1272  9  95
1272  9  95
1272  9  95
1272  9  94
1264  9  94
1260  9  94
1280  10  93
1348  10  93
1344  10  93
1344  10  92
1340  11  92
1328  11  92
1336  11  91
1336  11  91
1332  11  91
1332  12  90
1324  12  90
1332  12  90
1376  13  89
1368  13  89
1380  13  88
1372  13  88
1380  14  87
1380  14  87
1376  14  86
1376  14  86
1376  14  85
1380  14  84
1384  14  84
1376  14  83
1380  14  82
1380  14  82
1380  14  81
1380  14  80
1396  14  79
1380  14  78
1376  14  77
1400  14  76
1364  14  75
1376  14  74
1384  14  73
1388  13  72
1372  13  70
1396  13  69
1380  13  68
1372  12  66
1392  12  65
1376  12  63
1380  11  62
1368  11  61
1376  11  59
1384  10  57
1380  10  56
1376  9  54
1316  9  52
1304  9  51
1264  8  49
1304  8  48
1272  7  46
1268  7  45
1272  6  43
1272  6  42
1284  5  40
1268  5  39
1280  4  37
1280  3  36
1288  3  34
1272  2  33
1280  2  32
1272  1  30
1280  1  29
1268  1  28
1252  0  26
1244  0  25
1264  0  24
1316  -1  23
1280  -1  22
1292  -1  21
1344  -2  20
1324  -2  19
1332  -2  18
1328  -2  18
1336  -2  17
1328  -2  17
1332  -2  16
1336  -2  15
1328  -2  15
1328  -2  14
1292  -1  14
1296  -1  14
1284  -1  13
1284  0  13
1264  0  13
1272  1  13
1264  1  13
1280  2  12
1276  2  12
1276  3  12
1264  3  12
1260  4  12
1256  4  12
1308  5  12
1300  5  12
1308  6  12
1308  6  12
1312  7  12
1304  7  12
1308  8  12
1312  8  12
1304  8  11
1320  9  11
1312  9  11
1324  9  11
1308  9  11
1316  10  11
1380  10  11
1380  10  11
1384  10  10
1396  11  10
1384  11  9
1312  11  9
1320  11  9
1316  11  8
1316  11  7
1320  11  7
1316  11  6
1316  11  5
1320  11  4
1324  11  3
1320  11  2
1320  11  1
1308  11  0
1320  11  -1
1344  11  -2
1336  10  -3
1352  10  -5
1340  10  -6
1336  9  -7
1284  9  -8
1272  9  -10
1336  9  -11
1328  8  -13
1344  8  -14
1348  7  -16
1328  7  -18
1356  6  -19
1336  6  -21
1324  5  -23
1340  5  -24
1328  4  -26
1328  4  -28
1348  3  -30
1328  3  -32
1332  2  -34
1332  2  -35
1340  1  -37
1332  1  -39
1316  0  -41
1320  0  -43
1324  -1  -45
1312  -2  -46
1308  -2  -48
1320  -3  -50
1324  -4  -51
1324  -4  -53
1332  -5  -55
1332  -6  -56
1316  -6  -58
1328  -7  -59
1320  -7  -60
1320  -8  -62
1316  -8  -63
1324  -9  -64
1316  -9  -66
1360  -10  -67
1420  -10  -68
1376  -10  -69
1424  -11  -69
1428  -11  -70
1424  -11  -71
1424  -11  -71
1424  -11  -72
1416  -11  -72
1424  -11  -72
1424  -11  -73
1372  -10  -73
1380  -10  -73
1384  -9  -73
1316  -9  -73
1328  -8  -73
1316  -8  -73
1316  -7  -73
1324  -6  -73
1316  -6  -73
1308  -5  -73
1308  -4  -73
1368  -3  -73
1348  -3  -73
1356  -2  -73
1364  -1  -73
1336  0  -73
1320  0  -73
1352  1  -73
1332  1  -73
1336  2  -72
1344  3  -72
1332  3  -72
1332  3  -72
1352  4  -72
1340  4  -72
1336  4  -72
1340  5  -72
1344  5  -72
1340  5  -72
1336  5  -72
1348  5  -72
1340  5  -72
1332  5  -72
1356  5  -72
1344  5  -73
1340  5  -73
1352  5  -74
1344  5  -74
1340  5  -75
1332  5  -75
1356  5  -76
1344  5  -77
1348  5  -78
1352  5  -79
1340  5  -79
1348  5  -80
1352  5  -81
1348  4  -82
1344  4  -83
1348  4  -84
1348  4  -85
1344  4  -87
1352  4  -88
1348  3  -89
1344  3  -90
1352  3  -91
1344  2  -92
1344  2  -93
1340  1  -95
1352  1  -96
1340  1  -97
1332  1  -99
1360  1  -100
1376  0  -102
1392  0  -103
1404  0  -105
1404  -1  -107
1436  -1  -108
1428  -2  -110
1432  -2  -112
1440  -3  -114
1424  -4  -116
1436  -4  -117
1428  -4  -119
1420  -5  -121
1436  -6  -123
1424  -6  -124
1436  -7  -126
1424  -8  -128
1420  -8  -129
1432  -9  -131
1368  -10  -133
1440  -11  -134
1456  -11  -136
1452  -12  -138
1480  -13  -139
1448  -14  -140
1484  -14  -142
1468  -15  -143
1448  -16  -144
1456  -16  -146
1456  -17  -147
1468  -17  -148
1492  -18  -149
1444  -18  -150
1444  -18  -151
1500  -19  -151
1496  -19  -152
1484  -19  -152
1496  -19  -153
1484  -19  -153
1496  -19  -154
1484  -19  -154
1448  -18  -154
1444  -18  -154
1448  -17  -154
1456  -17  -154
1460  -16  -154
1464  -16  -154
1440  -15  -154
1472  -14  -154
1452  -13  -153
1436  -13  -153
1452  -12  -153
1488  -11  -153
1496  -11  -152
1484  -10  -152
1500  -9  -152
1432  -9  -152
1420  -8  -152
1428  -8  -152
1424  -7  -152
1432  -7  -152
1424  -7  -152
1424  -6  -152
1440  -6  -151
1428  -6  -151
1432  -6  -151
1428  -6  -151
1428  -6  -151
1432  -6  -151
1432  -6  -152
1432  -6  -152
1428  -6  -152
1428  -6  -152
1428  -7  -152
1432  -7  -153
1440  -7  -154
1420  -7  -154
1432  -7  -155
1432  -8  -155
1428  -8  -156
1432  -8  -157
1428  -8  -158
1428  -8  -159
1424  -9  -159
1424  -9  -160
1432  -9  -162
1420  -9  -163
1428  -10  -164
1492  -10  -165
1492  -10  -166
1500  -11  -167
1492  -11  -169
1500  -12  -170
1488  -12  -171
1496  -13  -172
1492  -13  -174
1440  -14  -175
1492  -14  -176
1448  -15  -177
1468  -16  -179
1444  -16  -180
1480  -17  -181
1460  -17  -181
1476  -18  -182
1476  -18  -183
1464  -19  -184
1464  -20  -185
1440  -20  -185
1468  -20  -186
1440  -21  -186
1448  -21  -187
1500  -22  -187
1480  -22  -187
1500  -23  -187
1492  -23  -187
1492  -23  -187
1492  -23  -187
1496  -23  -187
1488  -23  -187
1496  -22  -186
1488  -22  -186
1436  -21  -186
1456  -21  -185
1440  -21  -185
1468  -20  -184
1440  -20  -184
1472  -19  -183
1476  -18  -183
1472  -18  -182
1468  -17  -182
1440  -16  -182
1460  -15  -181
1440  -15  -181
1492  -14  -180
1496  -13  -180
1484  -13  -179
1500  -12  -179
1488  -12  -179
1500  -11  -178
1480  -11  -178
1504  -10  -177
1488  -10  -177
1500  -10  -176
1488  -10  -176
1488  -10  -175
1496  -10  -175
1488  -10  -174
1496  -10  -174
1484  -10  -174
1492  -10  -174
1488  -11  -174
1500  -11  -174
1488  -11  -174
1492  -11  -174
1488  -12  -174
1484  -12  -174
1488  -12  -174
1488  -13  -174
1492  -13  -175
1436  -14  -175
1500  -14  -176
1476  -14  -176
1452  -15  -177
1448  -15  -178
1440  -15  -178
1468  -16  -179
1444  -16  -179
1476  -17  -180
1456  -17  -180
1472  -17  -181
1460  -18  -181
1448  -18  -181
1484  -18  -182
1468  -18  -182
1472  -18  -182
1468  -18  -183
1464  -19  -183
1448  -19  -183
1456  -19  -183
1460  -19  -183
1452  -20  -183
1464  -20  -182
1440  -20  -182
1456  -20  -182
1444  -20  -182
1452  -20  -181
1452  -20  -181
1452  -20  -180
1448  -20  -180
1460  -20  -179
1444  -20  -179
1456  -20  -178
1444  -20  -178
1460  -20  -177
1452  -20  -176
1456  -20  -175
1444  -20  -174
1460  -19  -173
1468  -19  -172
1456  -18  -171
1452  -18  -171
1464  -17  -170
1464  -17  -169
1472  -16  -168
1460  -16  -167
1468  -16  -166
1460  -15  -165
1464  -15  -164
1440  -14  -163
1452  -14  -162
1456  -13  -161
1444  -13  -160
1500  -12  -159
1484  -12  -159
1504  -11  -158
1492  -11  -157
1500  -11  -156
1496  -10  -155
1500  -10  -154
1488  -10  -153
1488  -10  -152
1488  -10  -152
1496  -10  -151
1488  -10  -151
1492  -10  -150
1488  -10  -150
1488  -10  -149
1504  -10  -148
1484  -10  -148
1504  -10  -147
1484  -11  -147
1480  -11  -147
1492  -11  -147
1480  -11  -147
1444  -12  -147
1440  -12  -147
1460  -12  -146
1444  -12  -146
1452  -13  -146
1456  -13  -146
1452  -14  -146
1456  -14  -146
1472  -15  -146
1468  -15  -146
1460  -15  -146
1460  -16  -145
1452  -16  -145
1448  -16  -145
1456  -17  -145
1444  -17  -144
1500  -18  -144
1492  -18  -143
1484  -18  -143
1500  -18  -142
1488  -19  -142
1496  -19  -141
1496  -19  -140
1500  -19  -139
1496  -19  -138
1500  -19  -137
1492  -19  -136
1508  -18  -134
1488  -18  -133
1500  -18  -131
1496  -17  -130
1488  -17  -128
1500  -16  -126
1492  -16  -125
1448  -15  -123
1456  -14  -121
1448  -14  -119
1464  -13  -117
1464  -12  -115
1448  -11  -114
1460  -10  -112
1460  -9  -110
1388  -9  -109
1380  -8  -107
1432  -7  -106
1428  -6  -104
1428  -5  -102
1424  -5  -100
1432  -4  -98
1368  -4  -97
1368  -3  -95
1360  -2  -94
1364  -2  -92
1364  -1  -90
1364  -1  -89
1356  0  -87
1324  0  -86
1328  0  -84
1328  0  -83
1324  0  -82
1328  0  -80
1352  1  -79
1340  1  -78
1340  1  -77
1336  1  -76
1356  1  -75
1340  1  -74
1324  1  -74
1356  1  -73
1308  0  -73
1320  0  -72
1320  0  -72
1320  0  -71
1316  0  -71
1316  0  -71
1348  -1  -71
1352  -1  -71
1356  -1  -71
1364  -2  -71
1348  -2  -71
1344  -3  -71
1364  -3  -71
1300  -4  -71
1312  -5  -71
1308  -5  -71
1328  -6  -71
1344  -7  -71
1348  -7  -71
1328  -8  -71
1320  -8  -71
1312  -9  -71
1320  -10  -71
1364  -10  -71
1424  -11  -71
1436  -11  -70
1416  -12  -70
1420  -12  -70
1440  -13  -69
1424  -13  -69
1436  -14  -68
1420  -14  -68
1424  -14  -67
1428  -14  -67
1428  -14  -66
1432  -14  -65
1428  -14  -64
1428  -14  -63
1436  -14  -62
1428  -14  -60
1440  -14  -59
1428  -14  -57
1428  -14  -56
1436  -13  -54
1428  -13  -52
1436  -12  -51
1424  -12  -49
1432  -11  -47
1428  -11  -45
1432  -10  -43
1436  -9  -41
1360  -9  -39
1364  -8  -36
1360  -7  -34
1304  -6  -32
1320  -5  -30
1324  -4  -28
1328  -4  -26
1328  -3  -24
1320  -2  -22
1336  -1  -19
1308  0  -17
1296  1  -15
1324  2  -13
1296  2  -10
1332  3  -8
1272  4  -6
1276  4  -4
1264  5  -2
1256  6  0
1252  6  2
1236  7  3
1252  7  5
1244  8  7
1240  8  9
1240  8  10
1316  9  12
1312  9  13
1308  9  15
1312  9  16
1320  10  18
1384  10  19
1376  10  20
1392  10  21
1380  10  22
1372  10  23
1384  10  24
1380  10  25
1376  10  25
1384  10  26
1376  10  26
1392  9  26
1312  9  26
1312  9  27
1304  8  27
1308  8  27
1308  7  27
1304  7  27
1300  6  27
1276  5  27
1268  4  27
1268  4  27
1276  3  27
1280  2  27
1276  1  27
1272  1  27
1240  0  27
1316  -1  27
1316  -2  27
1328  -2  27
1348  -3  27
1320  -4  27
1332  -4  27
1328  -5  27
1360  -6  28
1328  -6  28
1336  -6  28
1344  -7  28
1332  -7  28
1340  -7  29
1344  -7  29
1348  -8  30
1332  -8  30
1356  -8  31
1340  -8  32
1344  -8  33
1340  -8  34
1356  -8  36
1348  -8  37
1348  -8  38
1356  -8  40
1344  -8  42
1344  -7  44
1352  -7  46
1340  -7  48
1336  -6  50
1352  -5  52
1340  -5  55
1336  -4  57
1348  -3  59
1340  -2  61
1340  -1  64
1320  0  66
1328  1  68
1308  2  71
1308  3  74
1312  4  77
1264  5  79
1260  5  82
1272  7  85
1276  7  87
1280  8  90
1280  10  93
1328  11  95
1340  12  98
1332  13  101
1432  14  104
1456  15  107
1440  16  110
1456  17  113
1444  18  115
1440  19  118
1460  20  120
1444  20  122
1460  21  124
1452  22  126
1460  23  128
1444  23  130
1456  24  132
1460  24  133
1460  25  134
1460  25  136
1460  26  137
1464  26  138
1452  26  139
1452  26  140
1468  26  141
1448  26  141
1460  25  142
1452  25  143
1448  25  143
1456  24  143
1444  24  144
1456  23  144
1444  23  144
1464  22  143
1440  22  143
1448  21  143
1448  20  143
1452  19  142
1444  18  142
1396  17  141
1400  16  140
1412  15  140
1416  15  139
1420  13  138
1404  12  138
1400  11  138
1452  10  138
1444  8  138
1376  7  138
1384  5  138
1380  4  138
1384  3  138
1392  3  138
1388  2  138
1396  2  138
1392  1  138
1388  1  139
1396  1  139
1364  0  140
1376  0  141
1376  0  142
1372  0  143
1372  0  144
1380  0  145
1376  0  147
1392  1  148
1392  1  150
1396  2  152
1372  2  154
1408  3  156
1388  4  159
1380  5  161
1396  6  164
1368  7  166
1400  8  169
1380  9  172
1380  11  174
1448  12  177
1444  13  180
1388  15  184
1412  16  187
1412  18  190
1432  19  193
1416  20  196
1404  22  199
1456  24  202
1444  25  205
1444  27  207
1448  28  210
1448  29  213
1456  31  215
1448  32  218
1468  33  221
1456  34  223
1468  35  226
1448  36  228
1456  37  230
1460  37  233
1456  38  235
1456  38  237
1452  38  239
1456  39  241
1460  39  243
1456  39  244
1456  39  246
1452  39  247
1460  39  248
1456  40  249
1460  40  250
1456  40  250
1456  40  251
1460  40  252
1448  40  252
1460  39  252
1452  39  253
1444  39  253
1456  39  253
1452  39  252
1452  38  252
1444  38  252
1452  37  252
1468  36  251
1444  36  251
1460  35  250
1448  34  250
1452  34  249
1456  33  248
1452  33  247
1452  32  246
1448  31  245
1448  31  244
1452  30  242
1444  29  241
1456  28  240
1432  27  239
1412  26  237
1404  25  236
1420  24  235
1436  23  234
1416  22  233
1412  21  232
1452  19  231
1428  18  231
1460  17  231
1448  15  231
1460  14  231
1448  13  230
1456  12  230
1456  11  230
1448  11  230
1464  11  229
1448  11  229
1468  10  230
1452  10  230
1448  10  230
1464  10  231
1456  11  231
1464  11  232
1456  11  233
1464  12  234
1452  13  235
1444  13  236
1456  14  238
1452  15  240
1456  16  241
1448  17  243
1452  18  245
1448  19  247
1432  20  250
1456  21  252
1392  22  255
1408  23  257
1432  25  260
1412  26  262
1420  27  264
1412  28  266
1408  29  268
1460  31  270
1452  32  272
1464  33  274
1448  34  276
1464  35  279
1452  36  281
1460  37  283
1468  38  285
1456  39  286
1468  40  288
1456  40  290
1468  41  291
1460  42  293
1460  42  294
1464  43  295
1456  43  296
1464  44  297
1460  44  298
1456  44  299
1464  44  300
1456  44  301
1460  44  301
1460  44  302
1460  44  302
1452  44  302
1452  44  302
1460  44  302
1452  44  302
1460  44  302
1460  44  301
1460  43  301
1444  43  301
1456  43  300
1460  43  299
1468  42  298
1468  42  297
1460  42  296
1472  41  295
1460  41  294
1460  40  293
1468  39  292
1452  39  291
1468  38  290
1448  38  288
1464  37  286
1456  37  285
1460  36  283
1460  35  282
1460  34  280
1452  34  278
1460  33  277
1452  32  275
1452  31  273
1400  30  272
1420  29  270
1408  28  268
1416  27  266
1424  26  265
1420  25  263
1420  24  262
1408  23  261
1452  22  260
1460  21  259
1456  20  258
1460  19  257
1456  18  256
1452  18  255
1452  17  254
1452  17  253
1448  17  253
1452  17  252
1452  17  251
1444  17  251
1444  17  251
1452  17  250
1444  17  250
1448  17  250
1444  18  251
1432  18  251
1460  19  251
1428  20  251
1456  20  252
1440  21  253
1396  22  254
1400  22  254
1400  23  256
1424  24  257
1408  24  258
1420  25  258
1432  26  259
1412  27  260
1408  28  261
1404  29  262
1456  30  263
1456  31  264
1444  31  265
1456  32  265
1448  33  266
1444  33  267
1456  34  267
1456  35  267
1460  35  268
1448  36  268
1448  36  268
1452  36  268
1452  37  268
1460  37  268
1448  37  268
1460  37  268
1448  37  268
1452  37  268
1456  37  268
1456  37  267
1460  37  267
1456  36  266
1460  36  265
1452  36  264
1452  36  263
1460  36  262
1456  36  261
1460  35  260
1452  35  258
1452  35  257
1464  34  255
1448  34  254
1456  34  252
1456  33  250
1456  33  249
1448  32  247
1448  31  245
1448  31  243
1448  30  241
1452  29  240
1444  29  237
1440  28  235
1452  28  233
1444  27  231
1452  26  229
1388  25  226
1400  25  224
1412  24  222
1412  23  220
1420  22  218
1412  21  216
1420  21  214
1424  20  212
1408  19  210
1404  18  208
1456  17  206
1388  17  204
1460  16  203
1444  15  201
1456  14  200
1444  14  198
1452  13  197
1456  13  196
1448  12  195
1448  12  194
1448  12  193
1440  12  192
1452  12  191
1440  12  190
1448  12  190
1440  12  189
1432  12  189
1452  12  189
1440  13  189
1448  13  189
1436  14  189
1440  14  189
1436  15  189
1388  16  189
1416  17  189
1416  18  189
1408  19  189
1412  20  189
1400  21  189
1448  22  189
1440  23  189
1436  24  189
1452  24  189
1444  25  189
1448  26  189
1436  26  189
1452  27  189
1448  27  189
1440  28  189
1444  28  189
1440  28  189
1432  28  189
1448  28  189
1432  28  189
1452  28  189
1448  28  188
1444  28  188
1448  28  187
1448  28  186
1448  28  185
1448  28  184
1456  28  182
1448  28  181
1448  28  179
1460  28  178
1448  27  176
1452  27  174
1452  27  172
1456  27  170
1448  26  168
1444  26  166
1460  25  163
1452  25  161
1460  24  159
1448  24  157
1452  23  155
1456  22  152
1448  21  150
1460  21  148
1452  20  145
1448  19  142
1452  18  140
1440  17  137
1448  17  134
1392  16  131
1412  15  128
1412  14  125
1420  13  123
1416  12  120
1416  11  117
1412  10  115
1412  9  112
1340  8  110
1328  8  108
1380  7  106
1380  6  104
1376  5  102
1380  5  100
1388  4  98
1312  3  97
1320  3  95
1316  2  93
1308  2  92
1324  1  90
1316  1  89
1312  1  88
1312  1  87
1324  1  86
1312  1  85
1316  1  84
1316  1  83
1312  1  82
1312  1  81
1312  2  80
1312  2  80
1312  3  79
1300  3  79
1312  4  79
1300  4  79
1268  5  78
1268  6  78
1284  7  78
1276  7  78
1272  8  78
1272  9  78
1272  10  78
1364  11  78
1372  12  78
1380  13  78
1380  14  78
1372  15  78
1380  15  78
1392  16  78
1368  17  78
1384  17  78
1388  18  78
1372  18  78
1400  19  78
1384  19  78
1388  20  78
1400  20  77
1384  20  77
1380  20  77
1396  21  77
1380  21  76
1380  21  76
1392  21  75
1384  21  74
1396  21  73
1368  21  73
1384  21  72
1400  21  71
1388  21  69
1388  21  68
1392  21  67
1388  21  65
1380  21  64
1400  21  62
1388  21  60
1396  21  58
1388  21  57
1388  21  55
1396  21  53
1388  20  51
1380  20  49
1404  20  47
1392  19  45
1384  19  43
1396  19  40
1392  18  38
1384  18  36
1396  17  34
1392  16  31
1380  16  29
1400  15  26
1392  14  24
1396  14  21
1388  13  19
1380  13  16
1400  12  13
1388  11  10
1376  10  7
1328  10  5
1328  9  2
1256  8  -1
1264  7  -4
1276  7  -7
1264  6  -9
1272  5  -12
1324  4  -15
1344  3  -18
1324  2  -21
1328  1  -24
1280  0  -27
1292  -1  -29
1320  -2  -32
1328  -3  -35
1320  -4  -38
1328  -5  -40
1320  -6  -43
1320  -7  -46
1360  -8  -48
1356  -9  -50
1364  -10  -53
1416  -10  -55
1428  -11  -57
1436  -12  -59
1424  -13  -62
1432  -13  -63
1424  -14  -65
1424  -14  -67
1436  -14  -69
1420  -14  -70
1440  -15  -71
1432  -15  -72
1424  -15  -73
1436  -15  -74
1428  -15  -75
1424  -14  -75
1420  -14  -75
1428  -13  -76
1428  -13  -76
1424  -12  -76
1416  -11  -76
1380  -10  -76
1384  -9  -76
1328  -8  -76
1328  -7  -76
1316  -6  -76
1308  -5  -76
1368  -4  -76
1356  -3  -76
1364  -1  -76
1340  0  -76
1348  1  -76
1336  2  -76
1344  3  -76
1340  4  -76
1340  5  -76
1336  5  -76
1348  6  -76
1336  7  -76
1344  8  -76
1352  8  -75
1344  9  -75
1332  9  -75
1356  10  -75
1404  10  -74
1412  11  -74
1420  11  -74
1412  11  -74
1420  11  -74
1404  12  -74
1404  12  -74
1412  12  -74
1408  12  -75
1408  12  -75
1420  12  -76
1408  13  -76
1416  13  -77
1412  13  -78
1412  14  -79
1420  14  -80
1408  14  -81
1404  14  -81
1420  14  -82
1412  14  -83
1416  14  -84
1412  14  -85
1412  14  -87
1420  15  -88
1416  15  -89
1420  15  -91
1416  15  -92
1412  15  -93
1420  15  -95
1412  15  -96
1416  15  -98
1420  15  -99
1416  15  -100
1480  15  -102
1480  15  -104
1488  15  -106
1480  15  -107
1480  15  -109
1492  14  -111
1480  14  -112
1488  14  -114
1484  13  -116
1488  13  -118
1484  13  -119
1484  13  -121
1484  12  -123
1488  12  -125
1484  12  -126
1484  11  -128
1484  11  -130
1480  10  -132
1492  10  -134
1480  9  -135
1424  9  -137
1416  9  -139
1416  8  -142
1416  8  -144
1412  8  -146
1420  7  -149
1416  7  -151
1408  7  -154
1420  6  -156
1412  6  -159
1416  5  -162
1420  5  -164
1408  5  -167
1420  4  -170
1412  4  -172
1412  3  -175
1420  3  -178
1412  2  -180
1416  1  -183
1412  1  -185
1396  0  -188
1420  -1  -190
1432  -2  -193
1440  -3  -195
1444  -3  -198
1436  -4  -201
1444  -5  -204
1436  -6  -207
1428  -7  -210
1452  -8  -213
1440  -9  -216
1440  -10  -219
1492  -11  -223
1504  -12  -226
1496  -13  -230
1500  -14  -234
1500  -15  -238
1500  -16  -242
1500  -17  -246
1488  -18  -250
1504  -19  -254
1496  -21  -258
1496  -22  -262
1444  -23  -266
1464  -24  -270
1444  -25  -274
1472  -27  -277
1464  -28  -281
1452  -30  -284
1468  -31  -288
1496  -32  -291
1504  -34  -294
1500  -36  -297
1508  -37  -299
1508  -39  -302
1508  -40  -304
1512  -41  -306
1508  -42  -309
1520  -43  -311
1512  -43  -312
1520  -44  -314
1508  -44  -315
1516  -45  -316
1504  -45  -317
1504  -45  -317
1512  -46  -318
1508  -46  -318
1508  -46  -319
1508  -45  -319
1508  -44  -319
1512  -44  -319
1504  -43  -319
1520  -42  -318
1500  -40  -318
1512  -39  -317
1500  -37  -317
1500  -36  -316
1448  -34  -316
1480  -32  -315
1476  -30  -314
1460  -29  -313
1496  -27  -313
1500  -25  -312
1504  -23  -312
1500  -21  -311
1512  -20  -311
1512  -18  -310
1508  -17  -309
1512  -16  -308
1516  -15  -307
1516  -14  -305
1508  -13  -304
1516  -13  -303
1512  -12  -302
1512  -11  -301
1512  -10  -299
1516  -9  -298
1448  -9  -297
1444  -9  -296
1440  -9  -295
1440  -9  -294
1448  -9  -293
1436  -9  -292
1444  -8  -292
1436  -8  -292
1432  -8  -292
1452  -8  -293
1432  -8  -293
1448  -8  -294
1432  -8  -294
1440  -8  -295
1448  -8  -296
1440  -8  -297
1444  -8  -298
1444  -7  -300
1452  -7  -302
1440  -7  -303
1440  -7  -304
1448  -7  -306
1444  -7  -307
1452  -8  -308
1440  -8  -310
1440  -9  -311
1444  -9  -313
1440  -9  -314
1444  -9  -316
1440  -10  -317
1508  -10  -319
1508  -11  -320
1504  -11  -322
1512  -12  -323
1508  -13  -324
1516  -14  -326
1504  -15  -328
1516  -15  -330
1512  -16  -331
1512  -17  -333
1508  -18  -335
1512  -19  -338
1508  -19  -340
1508  -20  -342
1512  -21  -344
1512  -22  -347
1508  -23  -350
1508  -24  -353
1504  -24  -356
1512  -25  -359
1500  -26  -362
1500  -27  -366
1516  -28  -369
1492  -29  -372
1512  -31  -376
1500  -32  -379
1504  -33  -383
1496  -34  -386
1500  -35  -389
1460  -37  -392
1472  -38  -395
1468  -39  -397
1448  -41  -400
1472  -42  -402
1496  -44  -403
1508  -46  -405
1500  -47  -406
1504  -48  -408
1504  -50  -409
1512  -51  -410
1512  -52  -411
1520  -53  -412
1504  -54  -413
1516  -55  -414
1504  -56  -414
1504  -56  -414
1504  -57  -414
1500  -57  -414
1516  -58  -414
1500  -58  -414
1516  -57  -414
1500  -57  -414
1508  -56  -414
1504  -55  -414
1516  -54  -413
1512  -53  -412
1520  -52  -411
1504  -50  -410
1516  -49  -409
1496  -47  -407
1508  -46  -406
1500  -44  -405
1460  -42  -403
1460  -41  -401
1464  -39  -399
1456  -37  -398
1460  -36  -396
1504  -34  -394
1508  -33  -392
1504  -31  -390
1504  -30  -387
1512  -28  -385
1508  -27  -383
1516  -26  -381
1508  -25  -378
1500  -24  -376
1516  -24  -373
1504  -23  -371
1516  -22  -368
1504  -22  -366
1516  -21  -364
1504  -21  -362
1520  -20  -360
1508  -20  -359
1512  -19  -357
1508  -19  -356
1508  -19  -354
1500  -19  -354
1516  -18  -353
1504  -18  -352
1508  -18  -352
1504  -17  -352
1508  -17  -352
1504  -17  -352
1508  -17  -353
1508  -17  -353
1504  -17  -353
1512  -17  -353
1508  -18  -354
1512  -18  -354
1500  -18  -354
1512  -18  -355
1504  -19  -355
1504  -19  -355
1500  -20  -355
1508  -21  -355
1500  -22  -356
1508  -22  -356
1500  -23  -356
1512  -24  -357
1508  -24  -358
1504  -25  -359
1504  -26  -360
1500  -26  -361
1508  -27  -362
1504  -28  -363
1500  -29  -365
1500  -30  -367
1504  -31  -368
1500  -32  -370
1504  -33  -372
1444  -34  -373
1476  -35  -375
1460  -36  -377
1452  -37  -378
1488  -38  -379
1444  -40  -380
1512  -41  -381
1500  -42  -382
1504  -43  -383
1492  -45  -383
1508  -46  -383
1500  -47  -383
1512  -48  -384
1500  -49  -384
1500  -49  -384
1520  -50  -383
1500  -50  -383
1512  -51  -382
1500  -51  -381
1520  -52  -380
1508  -52  -379
1508  -52  -378
1504  -52  -376
1520  -51  -375
1504  -51  -373
1512  -50  -372
1504  -50  -370
1520  -49  -368
1512  -48  -366
1516  -47  -363
1508  -46  -360
1512  -45  -358
1508  -44  -355
1508  -43  -352
1512  -41  -350
1500  -39  -347
1460  -37  -344
1460  -36  -341
1480  -34  -338
1484  -33  -335
1468  -31  -332
1488  -29  -329
1500  -27  -326
1500  -26  -324
1500  -24  -321
1512  -22  -318
1500  -21  -315
1516  -20  -312
1508  -19  -309
1516  -17  -306
1504  -17  -302
1516  -16  -299
1508  -15  -296
1504  -15  -293
1508  -14  -290
1520  -13  -287
1504  -13  -285
1520  -12  -282
1508  -12  -280
1512  -12  -277
1508  -12  -275
1512  -12  -272
1504  -12  -270
1504  -12  -269
1520  -11  -268
1512  -11  -267
1516  -11  -266
1508  -11  -265
1508  -11  -265
1508  -11  -264
1504  -12  -264
1500  -12  -264
1500  -12  -264
1500  -12  -264
1512  -13  -264
1500  -13  -265
1512  -14  -265
1496  -15  -265
1512  -16  -265
1492  -16  -265
1508  -17  -266
1504  -18  -266
1488  -19  -266
1504  -20  -266
1496  -22  -267
1492  -23  -267
1456  -24  -268
1472  -26  -268
1460  -27  -268
1444  -28  -268
1508  -30  -269
1496  -31  -269
1504  -32  -269
1500  -33  -269
1508  -35  -269
1504  -36  -268
1512  -37  -268
1504  -38  -268
1516  -38  -267
1512  -39  -267
1512  -40  -266
1512  -41  -265
1516  -41  -264
1512  -42  -262
1516  -42  -261
1508  -42  -259
1516  -42  -258
1508  -42  -256
1508  -42  -255
1512  -42  -253
1508  -41  -251
1512  -41  -248
1504  -40  -245
1516  -39  -242
1504  -39  -239
1516  -38  -235
1500  -36  -232
1520  -35  -228
1508  -34  -224
1504  -32  -220
1500  -31  -215
1508  -29  -211
1500  -28  -206
1504  -26  -201
1496  -25  -196
1492  -23  -192
1452  -21  -187
1468  -19  -182
1472  -17  -177
1448  -15  -172
1500  -13  -168
1492  -11  -164
1496  -9  -159
1440  -7  -155
1432  -5  -151
1440  -4  -147
1444  -2  -143
1428  0  -138
1420  1  -134
1416  2  -130
1420  3  -125
1408  4  -121
1412  5  -117
1420  7  -113
1412  8  -110
1416  9  -106
1408  10  -102
1468  10  -98
1428  11  -94
1412  12  -90
1420  12  -86
1412  13  -82
1412  13  -79
1416  14  -76
1420  15  -73
1420  16  -70
1416  16  -68
1412  17  -65
1420  17  -62
1416  18  -60
1416  18  -58
1420  18  -55
1420  19  -53
1420  19  -51
1416  19  -49
1412  20  -47
1424  20  -46
1416  20  -44
1420  20  -42
1420  20  -41
1412  20  -39
1424  20  -38
1416  20  -36
1416  20  -35
1420  20  -34
1408  20  -34
1424  19  -33
1412  19  -32
1408  19  -32
1416  19  -32
1416  18  -31
1408  18  -31
1416  17  -31
1416  17  -30
1416  16  -30
1416  15  -30
1412  15  -30
1416  14  -30
1408  13  -30
1416  12  -30
1412  11  -30
1408  10  -30
1420  9  -30
1352  8  -31
1328  7  -31
1352  6  -31
1336  4  -32
1336  3  -32
1332  2  -33
1340  1  -34
1308  0  -35
1292  -1  -36
1308  -2  -36
1332  -4  -37
1324  -5  -38
1320  -6  -39
1312  -7  -39
1368  -9  -40
1360  -10  -40
1424  -11  -41
1432  -12  -41
1440  -13  -41
1424  -14  -41
1432  -15  -41
1444  -16  -41
1436  -17  -41
1448  -17  -40
1436  -18  -39
1444  -19  -38
1444  -20  -37
1440  -20  -36
1448  -21  -35
1440  -21  -33
1444  -21  -31
1440  -21  -30
1440  -21  -28
1444  -20  -26
1440  -20  -24
1444  -19  -22
1440  -19  -19
1440  -18  -17
1448  -17  -14
1440  -17  -11
1448  -16  -7
1376  -15  -4
1376  -14  -1
1368  -13  3
1356  -12  6
1348  -11  10
1416  -10  14
1404  -8  18
1344  -7  22
1356  -6  26
1336  -5  30
1332  -3  34
1348  -2  38
1316  0  42
1308  1  46
1268  3  51
1284  5  54
1268  6  58
1268  8  62
1304  10  66
1376  12  69
1384  13  73
1376  15  77
1396  17  81
1388  19  85
1396  20  88
1384  21  92
1384  23  96
1392  24  100
1444  25  104
1456  26  108
1460  27  112
1452  27  116
1464  28  120
1456  29  123
1460  29  126
1460  30  129
1456  31  132
1464  31  135
1460  32  138
1460  33  140
1456  33  142
1460  34  144
1456  34  146
1456  35  148
1464  35  150
1452  35  151
1464  35  153
1448  35  154
1456  35  156
1460  35  157
1456  35  158
1456  35  159
1452  35  160
1464  34  160
1456  34  161
1452  34  161
1464  33  161
1448  33  161
1460  32  161
1452  32  161
1460  31  161
1452  30  161
1456  29  160
1460  28  160
1456  28  159
1464  27  158
1456  26  157
1460  25  156
1452  24  156
1452  23  155
1456  22  154
1444  20  153
1452  19  152
1400  18  151
1400  17  150
1420  15  149
1420  14  148
1408  13  147
1456  11  146
1444  10  145
1456  8  144
1376  7  144
1384  6  144
1384  4  144
1396  3  144
1380  2  144
1396  1  144
1360  0  144
1404  -1  144
1404  -1  144
1416  -2  145
1420  -2  145
1416  -3  146
1416  -3  147
1420  -3  148
1412  -3  149
1424  -2  150
1416  -2  152
1416  -2  153
1420  -1  155
1400  0  157
1376  0  159
1404  1  161
1392  2  164
1388  3  167
1384  3  170
1380  4  173
1408  5  177
1388  6  181
1384  7  184
1392  9  188
1380  10  192
1440  12  195
1452  14  199
1444  16  203
1404  18  207
1404  19  211
1400  21  215
1408  23  218
1396  25  222
1456  27  226
1444  29  229
1452  31  233
1456  33  236
1460  35  239
1452  37  242
1456  39  245
1456  41  248
1464  42  251
1456  44  254
1468  45  258
1452  45  262
1468  46  266
1456  46  270
1460  47  273
1464  47  276
1460  48  278
1468  49  280
1460  50  282
1468  51  283
1464  52  285
1460  52  287
1468  52  290
1460  53  292
1472  53  294
1460  53  295
1472  54  297
1456  54  297
1464  55  298
1468  55  299
1460  56  300
1460  56  301
1460  56  302
1456  56  302
1460  56  303
1472  55  304
1468  55  305
1456  55  305
1464  55  305
1456  55  305
1464  55  305
1456  54  305
1456  54  305
1464  53  305
1456  53  305
1464  52  305
1460  52  304
1464  51  304
1456  50  304
1456  50  303
1468  49  302
1460  48  302
1472  48  301
1464  47  300
1468  47  299
1464  46  298
1456  46  296
1472  45  295
1464  44  294
1464  44  293
1464  43  291
1464  42  290
1464  41  289
1464  40  287
1472  40  286
1456  39  284
1464  38  282
1452  37  281
1468  36  279
1452  36  277
1456  35  275
1460  34  273
1456  33  271
1460  32  269
1444  30  267
1404  29  265
1412  28  263
1416  27  261
1432  26  259
1420  25  257
1416  24  256
1416  23  254
1400  22  252
1456  21  251
1448  20  249
1452  19  248
1452  17  247
1456  16  246
1452  15  246
1452  14  245
1460  13  244
1452  13  243
1452  12  243
1464  12  242
1452  12  242
1464  12  241
1452  12  241
1456  12  241
1452  12  241
1448  13  241
1460  13  242
1444  14  242
1456  15  242
1448  16  243
1448  17  244
1456  18  245
1448  18  246
1452  19  248
1448  20  249
1440  21  251
1400  22  253
1404  23  254
1424  24  256
1416  25  257
1424  26  259
1416  28  260
1404  29  261
1460  30  262
1448  31  263
1448  33  264
1460  34  265
1460  35  266
1456  36  266
1460  37  267
1464  39  267
1452  40  267
1456  41  267
1468  42  267
1460  42  268
1464  43  268
1456  43  269
1464  43  270
1456  43  270
1460  42  270
1464  42  271
1456  42  271
1468  43  270
1456  43  269
1456  43  269
1460  43  269
1460  43  268
1460  43  268
1464  42  267
1468  42  266
1452  42  266
1460  42  265
1472  41  264
1460  41  263
1464  41  261
1460  41  260
1468  41  259
1460  40  257
1456  40  256
1464  40  255
1456  39  254
1472  38  253
1460  37  252
1460  37  250
1460  36  249
1452  36  247
1460  35  245
1452  35  243
1456  35  241
1452  34  238
1460  34  236
1456  33  234
1448  33  232
1456  32  230
1456  31  228
1456  30  226
1444  29  224
1444  29  221
1456  28  219
1452  27  217
1448  26  214
1444  25  212
1448  24  209
1400  23  207
1404  22  205
1420  21  202
1404  20  200
1416  19  198
1412  19  195
1412  18  193
1416  17  191
1404  16  189
