5428  0  0
1176  -1  0
1212  -1  0
1216  -1  0
1228  -1  0
1212  -1  0
1220  -1  0
1216  -1  0
1220  -1  0
1216  -1  0
1224  -1  0
1220  -1  0
1216  -1  0
1216  -1  0
1220  -1  0
1224  -1  0
1216  -1  0
1220  -1  0
1212  -1  0
1220  -1  0
1228  -1  0
1212  -1  0
1220  -1  0
1216  -1  0
1220  -1  0
1224  -1  0
1216  -1  0
1216  -1  0
1220  -1  0
1216  -1  0
1220  -1  0
1224  -1  0
1216  -1  0
1220  -1  0
1212  -1  0
1220  -1  0
1228  -1  0
1212  -1  0
1220  -1  0
1216  -1  0
1220  -1  0
1224  -1  0
1216  -1  0
1216  -1  0
1220  -1  0
1216  -1  0
1224  -1  0
1220  -1  0
1216  -1  0
1220  -1  0
1212  -1  0
1220  -1  0
1216  -2  0
1212  -2  0
1220  -2  1
1220  -2  1
1224  -2  1
1228  -2  1
1220  -2  1
1220  -2  1
1224  -2  1
1224  -2  1
1228  -2  1
1220  -2  2
1220  -2  2
1220  -2  2
1220  -2  2
1224  -2  2
1220  -2  2
1220  -2  3
1216  -2  3
1220  -2  3
1232  -1  3
1232  -1  4
1228  -1  4
1224  -1  4
1224  -1  4
1216  0  4
1196  0  4
1188  0  4
1188  0  4
1188  0  4
1196  0  5
1192  0  5
1212  0  5
1188  0  5
1196  0  5
1188  0  5
1212  1  5
1212  1  5
1212  1  5
1208  1  5
1212  1  6
1212  1  6
1216  1  6
1220  1  6
1208  1  6
1212  1  6
1212  1  6
1212  1  6
1220  1  6
1208  1  6
1216  1  6
1212  1  6
1208  1  6
1216  1  6
1204  0  6
1196  0  6
1200  0  6
1196  0  6
1192  0  6
1196  0  6
1216  0  6
1196  0  6
1200  0  6
1192  0  6
1192  0  6
1200  0  6
1208  0  6
1200  0  6
1196  0  6
1200  0  6
1196  0  6
1208  0  6
1196  0  6
1200  0  6
1196  0  6
1188  0  6
1200  0  6
1212  0  6
1200  0  6
1196  0  6
1200  0  6
1188  0  6
1200  0  6
1212  0  6
1196  0  6
1196  0  6
1200  0  6
1192  0  6
1196  0  6
1212  0  6
1196  0  6
1200  0  6
1196  0  6
1192  0  6
1196  0  6
1212  0  6
1200  0  6
1196  0  6
1200  0  6
1188  0  6
1200  0  6
1212  0  6
1200  0  6
1192  0  6
1200  0  6
1192  0  6
1196  0  6
1212  0  6
1196  0  6
1200  0  6
1196  0  6
1200  0  6
1204  0  6
1200  0  6
1196  0  6
1200  0  6
1188  0  6
1196  0  6
1216  0  6
1196  0  6
1200  0  6
1196  0  6
1192  0  6
1196  0  6
1212  0  6
1196  0  6
1200  0  6
1196  0  6
1192  0  6
1204  0  6
1204  0  6
1200  0  6
1196  0  6
1200  0  6
1188  0  6
1200  0  6
1212  0  6
1200  0  6
1196  0  6
1200  0  6
1188  0  6
1196  0  6
1216  0  6
1192  0  6
1216  1  6
1212  1  6
1212  1  6
1216  1  6
1216  1  6
1208  1  6
1212  1  6
1216  1  6
1208  1  6
1220  1  6
1212  1  6
1212  1  6
1212  1  6
1208  1  6
1220  1  6
1216  1  6
1196  0  6
1200  0  6
1188  0  6
1200  0  6
1212  0  6
1196  0  6
1200  0  6
1196  0  6
1192  0  6
1196  0  6
1212  0  6
1196  0  6
1200  0  6
1196  0  6
1192  0  6
1212  0  6
1196  0  6
1200  0  6
1196  0  6
1200  0  6
1188  0  6
1216  0  6
1196  0  6
1200  0  6
1196  0  6
1188  0  6
1200  0  6
1212  0  6
1200  0  6
1192  0  6
1200  0  6
1192  0  6
1200  0  6
1208  0  6
1200  0  6
1196  0  6
1200  0  6
1196  0  6
1188  0  6
1216  0  6
1196  0  6
1200  0  6
1196  0  6
1192  0  6
1196  0  6
1212  0  6
1200  0  6
1196  0  6
1196  0  6
1192  0  6
1200  0  6
1208  0  6
1200  0  6
1196  0  6
1200  0  6
1196  0  6
1204  0  6
1200  0  6
1196  0  6
1200  0  6
1188  0  6
1200  0  6
1212  -1  6
1212  -1  6
1216  -1  6
1220  -1  6
1220  -1  6
1220  -1  6
1232  -1  6
1220  -1  6
1220  -1  6
1216  -1  6
1220  -1  6
1228  -1  6
1220  -1  6
1220  -1  6
1220  -1  6
1220  -1  6
1224  -1  6
1220  -1  6
1228  -1  7
1228  -1  7
1224  -1  7
1232  -1  7
1224  0  7
1200  0  7
1196  0  7
1188  0  7
1196  0  7
1212  0  7
1196  0  7
1196  0  7
1196  0  7
1192  0  7
1192  0  7
1212  0  7
1196  0  7
1196  0  7
1188  0  7
1200  0  7
1208  0  7
1196  0  7
1196  0  7
1196  0  7
1188  0  7
1196  0  7
1208  0  7
1200  0  7
1196  0  7
1200  -1  7
1220  -1  7
1232  -1  8
1228  -1  8
1224  -1  8
1228  -1  8
1228  -1  8
1224  -1  8
1232  -1  8
1224  -1  8
1224  -1  8
1228  -1  8
1224  -1  8
1236  -1  8
1224  -1  8
1224  -1  8
1224  -1  8
1228  -1  8
1232  -1  8
1228  -1  8
1224  -1  8
1224  -1  8
1224  -1  8
1236  -1  8
1224  -1  8
1228  -1  9
1224  -1  9
1224  -1  9
1236  -1  9
1224  -1  9
1224  -1  9
1228  -1  9
1224  -1  10
1288  -1  10
1292  -1  10
1288  -1  10
1288  -1  11
1296  -1  11
1276  0  11
1264  0  11
1264  0  12
1264  0  12
1260  0  12
1256  0  12
1260  0  12
1264  0  12
1260  0  12
1256  0  12
1260  0  13
1260  0  13
1264  0  13
1256  0  13
1260  0  13
1252  0  13
1288  1  14
1268  1  14
1272  1  14
1272  1  14
1280  1  14
1272  1  14
1276  1  14
1268  1  14
1280  1  14
1272  1  14
1272  1  14
1272  1  14
1264  0  14
1252  0  14
1252  0  14
1252  0  14
1248  0  14
1268  0  15
1252  0  15
1256  0  15
1244  0  15
1268  0  15
1252  0  15
1252  0  15
1244  0  15
1256  0  15
1276  -1  15
1280  -1  15
1284  -1  15
1288  -1  15
1292  -1  15
1288  -1  16
1288  -1  16
1292  -1  16
1288  -1  16
1284  -1  16
1288  -1  16
1292  -1  16
1284  -1  16
1288  -1  16
1288  -1  17
1296  -1  17
1284  -1  17
1284  -1  18
1284  -1  18
1292  -1  18
1288  -1  19
1276  0  19
1252  0  19
1268  0  20
1252  0  20
1248  0  20
1276  1  20
1272  1  21
1276  1  21
1272  1  21
1276  1  22
1268  2  22
1276  2  22
1268  2  22
1268  2  22
1264  2  23
1268  2  23
1264  2  23
1264  2  23
1272  2  24
1280  2  24
1272  2  24
1280  2  25
1276  2  25
1284  2  25
1276  2  25
1272  2  25
1280  2  25
1280  2  25
1276  2  25
1280  2  26
1272  2  26
1284  2  26
1272  2  26
1272  2  26
1276  2  26
1276  1  26
1260  1  26
1264  1  26
1264  1  26
1272  1  26
1264  1  26
1264  1  26
1240  0  26
1248  0  26
1264  0  26
1244  0  26
1248  0  26
1240  0  26
1320  -1  26
1320  -1  27
1328  -1  27
1328  -1  27
1336  -1  27
1324  -1  27
1332  -1  28
1332  -1  28
1328  -1  28
1328  -1  29
1332  -1  29
1324  -1  29
1332  -1  30
1328  -1  30
1280  0  31
1244  0  31
1256  0  32
1240  0  32
1264  0  33
1240  0  33
1276  1  34
1268  1  35
1268  1  35
1268  1  36
1276  2  37
1268  2  37
1272  2  38
1288  3  39
1276  3  39
1276  3  40
1288  4  40
1300  4  41
1288  4  41
1268  4  42
1284  5  42
1280  5  43
1272  5  43
1280  5  44
1284  5  45
1272  5  45
1280  5  46
1272  5  46
1272  5  46
1284  5  47
1276  5  47
1260  5  48
1264  5  48
1280  5  49
1264  5  49
1272  5  49
1268  5  49
1288  5  50
1276  5  50
1276  5  50
1276  5  50
1284  5  50
1276  5  50
1276  5  50
1280  5  50
1284  4  50
1276  4  50
1276  4  50
1272  4  50
1280  4  50
1272  3  50
1260  3  50
1264  3  50
1272  3  50
1264  2  50
1260  2  50
1260  2  50
1264  2  50
1308  1  50
1308  1  51
1304  1  51
1312  1  51
1304  1  51
1296  0  52
1292  0  52
1296  0  52
1292  0  52
1292  0  53
1292  0  53
1300  0  53
1296  0  54
1288  0  54
1304  0  55
1292  0  55
1296  0  56
1292  0  57
1312  1  57
1304  1  58
1312  1  59
1308  1  60
1312  2  61
1308  2  62
1304  2  63
1316  3  64
1304  3  65
1304  3  66
1268  4  67
1268  4  68
1264  4  69
1272  5  70
1264  5  71
1284  6  72
1272  6  73
1276  7  74
1276  7  75
1288  8  76
1276  8  77
1280  9  78
1272  9  78
1272  10  79
1332  10  80
1332  10  81
1332  11  82
1340  11  83
1328  11  84
1328  11  84
1380  12  85
1368  12  86
1372  12  86
1372  12  87
1372  12  87
1368  12  88
1376  12  88
1336  11  88
1328  11  89
1332  11  89
1328  11  89
1328  11  89
1344  10  89
1340  10  89
1340  10  89
1336  9  89
1280  9  89
1264  9  89
1276  8  89
1268  8  89
1276  7  89
1268  7  89
1268  7  89
1260  6  89
1264  6  89
1260  6  89
1300  5  89
1300  5  89
1308  5  89
1304  4  89
1304  4  89
1300  4  89
1308  4  89
1304  4  89
1308  4  90
1312  3  90
1308  3  90
1312  3  91
1308  3  91
1320  3  92
1304  3  92
1316  3  93
1320  3  94
1308  4  94
1312  4  95
1308  4  96
1316  4  97
1304  5  98
1300  5  98
1304  5  100
1376  6  101
1376  6  102
1380  6  103
1328  7  104
1372  7  105
1336  8  107
1340  8  108
1332  9  109
1340  9  110
1352  10  111
1396  10  113
1404  11  114
1420  12  115
1416  12  117
1412  13  118
1408  13  119
1408  13  121
1404  14  122
1408  14  123
1396  15  124
1404  15  125
1400  15  126
1452  16  127
1436  16  128
1432  16  129
1404  16  130
1448  17  130
1448  17  131
1444  17  132
1428  17  133
1440  17  133
1448  17  134
1436  17  134
1432  17  134
1436  17  134
1456  17  135
1432  17  135
1396  16  135
1396  16  135
1396  16  135
1408  15  135
1400  15  135
1400  15  135
1420  14  135
1412  14  135
1412  13  135
1408  13  135
1404  13  135
1416  12  135
1404  12  135
1400  11  135
1408  11  134
1392  11  134
1404  10  134
1392  10  134
1448  9  135
1376  9  135
1368  9  135
1372  9  135
1376  9  135
1364  9  135
1368  9  135
1380  9  136
1372  9  136
1372  9  136
1392  9  137
1364  9  137
1380  9  138
1376  9  139
1368  9  139
1372  9  140
1380  9  141
1376  10  142
1448  10  143
1440  10  144
1436  11  145
1452  11  146
1440  11  148
1400  12  149
1392  12  150
1408  13  152
1408  13  153
1412  14  154
1408  14  155
1424  15  157
1420  16  158
1420  16  159
1416  17  160
1404  18  161
1412  18  163
1400  19  164
1396  19  165
1408  19  166
1448  20  168
1448  20  169
1444  21  170
1440  21  171
1452  21  172
1444  22  173
1444  22  173
1440  22  174
1452  22  175
1440  22  176
1440  23  176
1448  23  177
1440  23  177
1448  23  177
1444  23  178
1432  23  178
1452  23  178
1440  23  178
1444  23  178
1444  22  178
1440  22  178
1444  21  178
1432  21  178
1452  21  177
1388  20  177
1396  20  177
1408  19  177
1400  19  177
1428  18  176
1412  18  176
1412  17  176
1412  17  176
1404  16  176
1400  16  176
1408  15  176
1400  15  175
1396  15  175
1396  15  175
1392  14  175
1396  14  175
1392  14  175
1392  14  175
1400  14  175
1392  14  175
1436  14  176
1444  14  176
1424  14  176
1440  14  176
1444  14  177
1432  14  177
1404  15  178
1400  15  179
1400  15  179
1396  15  180
1404  16  180
1412  16  181
1404  16  182
1408  17  182
1416  17  183
1408  17  184
1412  18  185
1392  18  185
1412  18  186
1420  19  187
1416  19  188
1412  19  189
1412  19  189
1412  20  190
1416  20  191
1408  20  192
1400  20  192
1412  21  193
1404  21  194
1396  21  194
1412  21  195
1392  22  195
1404  22  196
1396  22  196
1400  22  197
1400  22  197
1392  22  197
1400  22  198
1404  22  198
1392  22  198
1396  22  198
1404  22  199
1400  22  199
1400  22  199
1400  22  199
1396  22  199
1400  22  199
1400  22  199
1396  22  199
1404  22  199
1400  21  199
1404  21  199
1400  21  199
1412  20  199
1408  20  199
1408  20  199
1412  20  198
1416  20  198
1412  20  198
1420  19  198
1408  19  198
1412  19  198
1412  19  198
1408  19  198
1408  19  198
1416  19  198
1408  19  198
1416  19  198
1412  19  198
1408  19  198
1416  19  198
1404  19  198
1412  19  198
1412  19  198
1412  19  198
1416  19  198
1408  19  198
1408  19  198
1416  19  198
1408  19  198
1408  19  198
1416  19  198
1408  19  198
1420  19  199
1412  19  199
1408  19  199
1420  19  199
1412  19  199
1416  19  199
1408  19  199
1412  19  199
1412  19  199
1416  19  200
1404  19  200
1412  19  200
1408  19  200
1412  19  200
1408  19  200
1408  19  200
1412  19  200
1408  19  200
1404  19  200
1416  19  200
1404  19  200
1416  19  200
1404  19  200
1404  19  200
1416  19  200
1404  19  200
1404  19  200
1416  19  200
1404  19  200
1416  19  200
1404  19  200
1408  19  200
1412  19  200
1408  19  200
1408  19  200
1412  19  200
1404  19  200
1416  19  200
1404  19  200
1408  19  200
1412  19  200
1408  19  200
1408  19  200
1408  19  200
1412  19  200
1404  20  200
1396  20  200
1396  20  200
1404  20  200
1396  20  200
1396  20  200
1408  20  200
1392  20  200
1396  20  200
1404  20  200
1396  20  200
1404  20  200
1396  20  200
1396  20  200
1404  20  200
1400  20  200
1396  20  200
1404  20  200
1396  20  200
1404  20  200
1396  20  200
1396  20  200
1404  20  200
1396  20  200
1396  20  200
1404  20  200
1396  20  200
1396  20  200
1404  20  200
1396  20  200
1404  20  200
1396  20  200
1408  21  200
1408  21  200
1404  21  200
1404  21  200
1412  21  200
1400  21  200
1412  21  200
1404  21  200
1404  21  200
1412  21  200
1400  21  200
1392  22  200
1400  22  200
1392  22  200
1400  22  199
1404  22  199
1396  22  199
1404  22  199
1396  22  199
1396  22  199
1404  22  199
1396  22  199
1392  22  199
1412  22  198
1396  22  198
1392  22  198
1400  22  198
1396  22  198
1408  22  197
1392  22  197
1396  22  197
1400  22  197
1396  22  197
1392  22  197
1404  22  196
1392  22  196
1400  22  196
1396  22  195
1440  23  195
1448  23  195
1436  23  194
1424  23  194
1440  23  194
1440  23  193
1440  23  193
1452  23  192
1440  23  192
1440  23  191
1388  22  191
1408  22  190
1388  22  190
1440  22  189
1436  22  189
1444  22  188
1404  21  187
1396  21  187
1396  21  186
1400  21  186
1400  21  185
1388  21  185
1416  20  184
1400  20  183
1412  20  182
1400  20  182
1400  20  181
1404  20  181
1416  19  180
1408  19  179
1412  19  178
1400  19  178
1412  19  177
1396  19  177
1400  19  177
1416  19  176
1416  18  175
1408  18  175
1424  18  174
1412  18  174
1420  18  173
1408  18  173
1412  18  173
1416  18  172
1404  18  172
1404  18  171
1408  18  171
1412  18  170
1412  18  170
1408  18  170
1412  18  169
1408  18  169
1404  18  169
1408  18  169
1412  18  169
1408  19  168
1400  19  168
1400  19  168
1400  19  167
1400  19  167
1444  20  167
1432  20  166
1448  20  166
1428  20  166
1440  20  166
1448  20  165
1440  20  165
1432  20  165
1436  20  164
1456  21  164
1440  21  163
1444  21  163
1444  21  162
1428  21  162
1460  21  161
1432  21  161
1452  21  160
1440  21  160
1440  21  159
1456  21  158
1436  21  158
1460  20  157
1448  20  156
1440  20  155
1448  20  154
1448  20  153
1448  20  152
1444  19  151
1452  19  150
1444  19  149
1444  19  148
1452  18  147
1440  18  146
1448  18  145
1436  18  144
1396  17  142
1404  17  141
1400  17  140
1400  16  139
1412  16  138
1408  15  137
1412  15  135
1404  15  134
1420  14  133
1420  14  132
1408  14  131
1412  13  130
1404  13  129
1416  13  128
1424  12  126
1416  12  125
1400  12  124
1420  11  123
1404  11  122
1420  11  121
1420  11  120
1412  11  120
1412  10  119
1412  10  118
1400  10  117
1412  10  116
1408  10  115
1408  10  115
1412  10  114
1404  10  114
1412  10  113
1408  10  112
1400  10  112
1420  10  111
1408  10  111
1424  10  110
1404  10  110
1408  10  110
1420  10  109
1400  11  109
1392  11  109
1404  11  109
1412  11  108
1408  12  108
1400  12  108
1400  12  108
1412  12  107
1400  13  107
1392  13  107
1400  13  107
1396  13  107
1456  14  106
1424  14  106
1432  14  106
1452  14  105
1436  15  105
1444  15  104
1436  15  104
1440  15  103
1440  15  103
1436  15  102
1440  15  102
1440  15  101
1440  15  100
1444  15  100
1440  15  99
1384  15  98
1376  15  97
1376  15  96
1384  15  95
1380  15  94
1380  15  93
1380  14  92
1376  14  91
1376  14  90
1384  13  89
1380  13  87
1376  13  86
1384  12  85
1376  12  84
1332  11  82
1336  11  81
1332  11  79
1332  10  78
1340  10  77
1340  9  75
1276  9  74
1280  8  73
1280  8  71
1280  7  70
1264  7  69
1288  6  67
1288  6  66
1272  5  65
1272  5  64
1272  4  62
1276  4  61
1268  4  60
1264  3  59
1264  3  58
1312  2  57
1304  2  56
1308  2  55
1312  1  54
1316  1  54
1308  1  53
1312  1  52
1312  1  52
1308  1  51
1304  1  51
1308  1  50
1308  1  50
1304  1  50
1308  1  49
1312  1  49
1260  2  49
1256  2  49
1260  2  49
1260  2  49
1272  3  49
1264  3  49
1280  4  49
1276  4  49
1280  5  49
1268  6  49
1272  6  49
1260  7  49
1264  7  49
1260  8  49
1256  8  49
1300  9  49
1308  9  49
1308  10  49
1364  10  49
1380  10  49
1376  11  49
1376  11  49
1380  11  49
1376  11  49
1376  11  49
1384  11  49
1376  11  49
1380  11  48
1380  11  48
1376  11  48
1380  11  47
1388  11  46
1376  11  46
1376  11  45
1384  11  44
1372  11  44
1376  11  43
1384  11  42
1372  11  40
1400  10  39
1380  10  38
1380  10  37
1376  10  35
1388  9  34
1312  9  33
1316  9  32
1320  8  30
1304  8  29
1308  7  28
1316  7  26
1304  6  25
1304  6  23
1264  5  22
1280  4  21
1264  4  19
1280  3  18
1276  2  17
1284  2  15
1280  1  14
1264  1  13
1260  0  11
1276  -1  10
1288  -1  9
1236  -1  7
1224  -2  6
1228  -2  5
1268  -3  4
1260  -3  3
1268  -4  2
1268  -4  1
1256  -4  0
1268  -5  -1
1280  -5  -1
1292  -5  -2
1292  -5  -3
1288  -5  -3
1288  -5  -3
1296  -5  -4
1304  -5  -4
1292  -5  -4
1288  -5  -4
1296  -5  -4
1304  -5  -4
1284  -5  -4
1296  -5  -4
1296  -4  -4
1284  -4  -4
1252  -3  -4
1244  -3  -4
1244  -2  -4
1272  -1  -4
1264  -1  -4
1236  0  -4
1228  1  -4
1236  1  -4
1224  2  -4
1220  2  -4
1260  3  -3
1260  3  -3
1272  4  -3
1260  4  -3
1260  4  -3
1264  5  -3
1268  5  -3
1268  5  -3
1268  6  -3
1264  6  -3
1272  6  -3
1268  6  -3
1268  6  -3
1264  6  -3
1264  6  -3
1276  6  -3
1264  6  -3
1268  6  -3
1268  6  -3
1276  6  -4
1268  6  -4
1272  5  -5
1264  5  -6
1272  5  -6
1268  5  -7
1268  5  -8
1268  4  -9
1268  4  -9
1260  4  -10
1324  4  -11
1332  3  -12
1336  3  -13
1332  3  -14
1328  2  -15
1336  2  -17
1328  2  -18
1288  1  -19
1288  1  -20
1280  0  -21
1272  0  -22
1296  -1  -23
1312  -1  -24
1332  -2  -25
1328  -2  -26
1324  -3  -27
1320  -3  -28
1320  -4  -29
1320  -4  -30
1324  -4  -31
1324  -5  -32
1320  -5  -33
1320  -5  -34
1328  -6  -35
1312  -6  -36
1312  -6  -36
1368  -7  -37
1304  -7  -38
1308  -7  -38
1312  -7  -39
1316  -7  -39
1360  -8  -39
1356  -8  -40
1360  -8  -40
1352  -8  -40
1348  -8  -40
1356  -8  -40
1352  -8  -40
1352  -8  -40
1360  -8  -39
1308  -7  -39
1308  -7  -39
1308  -7  -39
1320  -6  -39
1312  -6  -39
1324  -5  -38
1328  -5  -38
1312  -4  -38
1312  -4  -38
1320  -3  -38
1328  -3  -38
1316  -2  -38
1316  -2  -38
1324  -1  -37
1308  -1  -37
1308  -1  -37
1332  0  -37
1320  0  -37
1312  0  -37
1304  0  -37
1316  0  -37
1328  1  -37
1336  1  -36
1332  1  -36
1340  1  -36
1328  1  -36
1332  1  -36
1340  1  -36
1328  1  -36
1332  1  -36
1320  0  -36
1308  0  -37
1312  0  -37
1284  -1  -37
1308  -1  -38
1308  -1  -38
1308  -1  -38
1316  -1  -39
1308  -1  -39
1312  -1  -40
1316  -2  -40
1320  -2  -41
1308  -2  -41
1312  -2  -42
1312  -3  -42
1332  -3  -43
1316  -3  -43
1308  -4  -43
1332  -4  -44
1320  -4  -44
1328  -4  -45
1332  -5  -45
1324  -5  -45
1324  -5  -46
1324  -5  -46
1332  -5  -47
1324  -5  -47
1320  -5  -47
1324  -6  -47
1320  -6  -48
1320  -6  -48
1316  -6  -48
1324  -6  -48
1324  -6  -49
1316  -6  -49
1328  -6  -49
1320  -6  -49
1320  -6  -49
1320  -6  -49
1324  -5  -49
1320  -5  -49
1320  -5  -49
1324  -5  -49
1316  -5  -49
1320  -5  -49
1324  -5  -49
1316  -5  -48
1308  -5  -48
1308  -5  -48
1320  -5  -48
1308  -5  -48
1308  -5  -48
1332  -5  -47
1324  -5  -47
1328  -4  -47
1320  -4  -47
1328  -4  -47
1324  -4  -47
1324  -4  -47
1328  -4  -47
1324  -4  -47
1324  -4  -47
1320  -4  -47
1332  -4  -47
1324  -4  -47
1320  -4  -47
1332  -4  -47
1324  -4  -47
1320  -4  -47
1324  -4  -47
1332  -4  -47
1324  -4  -47
1320  -4  -47
1332  -5  -47
1324  -5  -47
1320  -5  -47
1328  -5  -47
1320  -5  -47
1324  -5  -47
1320  -5  -47
1332  -5  -47
1320  -5  -47
1324  -5  -47
1328  -5  -47
1316  -6  -47
1316  -6  -47
1320  -6  -47
1320  -6  -47
1320  -6  -47
1316  -6  -47
1320  -6  -47
1320  -6  -47
1316  -6  -47
1312  -6  -47
1328  -6  -47
1308  -7  -47
1312  -7  -47
1320  -7  -46
1308  -7  -46
1308  -7  -46
1308  -7  -46
1324  -7  -45
1308  -7  -45
1308  -7  -45
1320  -7  -45
1308  -7  -45
1312  -7  -44
1308  -7  -44
1316  -7  -44
1312  -7  -43
1308  -7  -43
1316  -7  -42
1316  -7  -41
1304  -7  -41
1308  -7  -40
1324  -6  -40
1312  -6  -39
1312  -6  -38
1320  -6  -38
1320  -5  -37
1320  -5  -37
1320  -5  -36
1324  -5  -35
1328  -4  -34
1328  -4  -34
1332  -4  -33
1332  -4  -32
1320  -3  -32
1336  -3  -31
1340  -3  -31
1324  -2  -30
1320  -2  -30
1332  -2  -29
1324  -2  -29
1324  -2  -28
1328  -1  -27
1316  -1  -27
1316  -1  -26
1308  -1  -26
1324  -1  -25
1312  -1  -25
1316  -1  -24
1324  -1  -24
1316  -1  -24
1320  -1  -23
1320  -1  -23
1328  -1  -22
1320  -1  -22
1320  -1  -21
1328  -1  -21
1312  -1  -21
1320  -1  -21
1316  -1  -21
1324  -1  -21
1320  -1  -20
1348  -2  -20
1344  -2  -20
1340  -2  -20
1344  -2  -20
1324  -3  -20
1320  -3  -20
1320  -3  -20
1320  -3  -19
1328  -3  -19
1312  -3  -19
1316  -4  -19
1320  -4  -19
1312  -4  -19
1308  -5  -19
1312  -5  -19
1312  -5  -18
1360  -6  -18
1360  -6  -17
1360  -6  -17
1356  -6  -17
1360  -6  -16
1364  -6  -16
1356  -6  -16
1360  -6  -15
1364  -6  -15
1356  -6  -14
1344  -6  -14
1368  -6  -13
1352  -6  -12
1356  -6  -12
1360  -6  -11
1360  -6  -10
1360  -5  -9
1304  -5  -8
1280  -5  -7
1296  -5  -6
1288  -4  -5
1296  -4  -4
1288  -4  -3
1244  -3  -2
1228  -3  0
1232  -3  1
1228  -2  2
1220  -2  3
1220  -2  5
1228  -1  6
1228  -1  7
1224  0  8
1200  0  9
1220  1  10
1272  2  11
1280  2  12
1276  3  13
1264  3  14
1264  3  15
1272  4  16
1272  4  17
1268  5  18
1260  5  19
1264  5  20
1308  6  21
1300  6  21
1308  6  22
1300  6  23
1308  6  24
1300  6  25
1300  6  25
1312  6  26
1304  6  27
1296  6  27
1260  6  28
1268  5  28
1260  5  28
1260  5  28
1264  5  29
1268  5  29
1268  4  29
1264  4  29
1264  4  29
1264  4  29
1280  3  29
1264  3  29
1280  2  29
1276  2  29
1276  1  29
1268  1  29
1264  1  29
1240  0  29
1252  0  29
1308  -1  29
1320  -1  29
1332  -2  30
1332  -2  30
1336  -3  30
1332  -3  30
1348  -3  31
1324  -4  31
1332  -4  31
1344  -4  32
1332  -4  32
1332  -4  32
1332  -4  33
1340  -4  33
1340  -4  34
1324  -4  34
1344  -4  35
1348  -4  36
1328  -4  37
1352  -4  38
1328  -4  39
1336  -3  40
1340  -3  42
1340  -3  43
1340  -2  44
1324  -2  46
1340  -2  47
1344  -1  49
1332  -1  50
1356  -1  52
1308  0  54
1316  1  56
1316  1  58
1304  2  59
1264  3  61
1260  3  63
1276  4  64
1268  5  66
1280  6  68
1276  6  69
1312  7  71
1272  8  73
1280  8  74
1272  9  76
1276  10  77
1324  10  79
1328  11  81
1332  11  82
1384  12  84
1372  12  85
1376  13  87
1384  13  88
1372  14  89
1380  14  90
1372  14  92
1376  14  93
1388  15  94
1372  15  95
1372  15  96
1388  15  97
1372  15  98
1372  14  98
1384  14  99
1368  14  99
1368  14  99
1380  14  100
1388  13  100
1392  13  100
1400  12  100
1396  12  100
1400  11  100
1408  11  100
1400  11  100
1412  10  100
1408  9  100
1348  9  100
1344  8  100
1332  8  100
1328  7  100
1376  6  100
1368  6  100
1368  5  100
1376  5  100
1392  4  101
1364  3  101
1376  3  101
1368  3  101
1384  2  101
1392  2  102
1368  2  102
1376  2  102
1400  2  103
1380  2  103
1376  2  104
1388  2  104
1388  2  105
1384  2  106
1396  2  107
1384  2  108
1376  2  109
1396  2  110
1384  3  112
1388  3  113
1380  3  114
1380  4  116
1380  4  118
1380  4  120
1376  5  122
1380  5  124
1384  6  126
1376  7  128
1384  7  130
1376  8  132
1376  9  134
1384  9  136
1372  10  138
1392  11  141
1412  12  143
1408  13  145
1424  14  148
1408  15  150
1420  16  153
1412  17  155
1408  18  157
1444  19  159
1452  20  162
1444  21  164
1456  22  166
1444  22  168
1460  23  170
1444  24  172
1448  25  174
1460  26  176
1448  26  178
1452  27  180
1452  27  181
1448  28  183
1456  28  184
1444  28  186
1452  28  187
1444  28  188
1452  28  189
1440  28  190
1448  28  191
1456  28  192
1444  28  192
1456  28  193
1444  28  193
1440  28  193
1452  28  193
1444  27  193
1448  27  193
1440  27  193
1448  26  193
1432  26  193
1448  25  193
1448  24  192
1436  24  192
1448  23  192
1392  22  191
1396  21  191
1404  21  190
1408  20  190
1396  19  190
1432  18  189
1408  17  189
1412  17  189
1404  16  188
1436  15  188
1452  15  187
1440  14  187
1448  14  187
1444  13  187
1432  13  187
1464  12  187
1444  12  187
1452  12  187
1448  12  187
1432  12  188
1448  12  188
1440  12  188
1444  12  189
1444  12  190
1440  12  191
1452  12  192
1444  12  193
1452  13  194
1448  13  195
1452  13  196
1448  14  198
1444  14  199
1448  15  201
1440  15  202
1456  16  204
1444  16  206
1440  17  207
1404  18  209
1396  18  211
1408  19  213
1412  20  214
1408  21  216
1424  22  217
1408  23  219
1408  23  221
1408  24  222
1400  25  224
1404  25  225
1444  26  227
1428  26  229
1460  27  230
1440  27  232
1452  28  233
1444  29  234
1440  29  236
1452  30  237
1448  30  238
1452  30  239
1444  31  240
1444  31  241
1444  31  242
1432  31  242
1456  31  243
1440  31  243
1444  31  244
1436  31  244
1428  31  244
1460  30  244
1440  30  244
1444  30  244
1440  29  244
1436  29  243
1452  28  243
1432  28  243
1396  27  243
1396  27  242
1388  27  242
1412  26  241
1408  25  241
1404  25  241
1424  24  240
1408  23  240
1420  23  239
1400  22  239
1404  22  238
1408  21  238
1404  21  237
1440  20  237
1448  20  236
1436  19  236
1444  19  236
1440  18  236
1432  18  236
1448  18  236
1448  17  236
1448  17  236
1444  17  236
1452  17  236
1440  17  236
1448  17  237
1456  17  237
1444  17  237
1452  18  238
1444  18  239
1432  18  239
1460  18  240
1428  19  240
1456  19  241
1440  19  242
1440  20  243
1448  20  244
1392  21  245
1404  21  246
1400  22  248
1400  22  249
1416  23  250
1404  23  251
1424  24  252
1412  24  253
1424  25  254
1416  25  255
1420  26  256
1420  26  257
1416  27  258
1404  27  259
1420  28  260
1400  28  261
1400  29  262
1404  29  262
1452  30  263
1448  30  263
1444  30  264
1448  31  265
1444  31  265
1448  31  266
1448  31  266
1440  31  266
1428  31  266
1460  31  267
1436  31  267
1444  30  267
1444  30  266
1432  30  266
1456  30  266
1388  29  266
1400  29  266
1404  28  266
1412  28  265
1408  28  265
1420  27  265
1412  27  265
1420  27  264
1436  26  264
1428  26  263
1420  26  263
1416  26  262
1424  25  262
1416  25  261
1416  25  261
1420  25  260
1412  24  259
1408  24  259
1408  24  258
1404  24  258
1412  23  258
1396  23  258
1412  23  257
1400  23  257
1444  22  257
1452  22  257
1436  22  257
1444  22  257
1436  22  257
1428  22  257
1452  22  257
1436  22  257
1444  22  257
1436  22  257
1428  22  257
1412  23  257
1404  23  258
1408  23  258
1396  23  258
1408  24  258
1412  24  258
1400  24  258
1420  25  259
1420  25  259
1412  25  259
1424  26  259
1416  26  260
1408  26  260
1416  26  260
1404  26  261
1396  26  261
1404  26  261
1396  26  261
1420  27  261
1404  27  261
1416  27  262
1416  27  262
1404  27  262
1408  27  262
1416  27  262
1404  27  262
1416  27  262
1408  27  262
1412  27  261
1416  27  261
1408  27  261
1408  27  261
1412  27  261
1412  27  261
1416  27  260
1404  27  260
1404  27  260
1412  27  260
1408  27  259
1400  27  259
1404  27  259
1408  27  258
1408  27  258
1400  27  258
1412  27  257
1408  27  257
1404  27  257
1412  27  256
1408  27  256
1416  26  256
1420  26  255
1412  26  255
1404  26  255
1420  26  254
1404  26  254
1404  26  254
1412  26  253
1400  26  253
1408  26  253
1408  26  252
1400  26  252
1412  26  251
1408  26  251
1408  26  250
1408  26  250
1404  26  250
1408  26  249
1400  26  249
1404  26  248
1400  26  248
1396  26  248
1412  26  247
1408  26  247
1404  26  246
1408  26  246
1400  26  246
1404  26  245
1404  26  245
1400  26  244
1396  26  244
1408  26  243
1396  26  243
1408  26  242
1392  26  242
1400  26  241
1396  26  241
1404  26  240
1400  26  240
1412  25  239
1400  25  239
1400  25  238
1404  25  238
1400  25  237
1400  25  237
1388  25  237
1408  25  236
1408  25  235
1400  25  235
1404  25  234
1404  25  234
1404  25  233
1400  25  233
1400  25  232
1400  25  231
1400  25  231
1404  25  230
1400  25  229
1400  25  229
1400  25  228
1400  25  227
1400  25  227
1396  25  226
1404  25  225
1388  25  225
1408  24  224
1404  24  224
1400  24  223
1396  24  223
1408  24  222
1396  24  221
1396  24  221
1404  24  220
1400  24  219
1404  24  218
1396  24  218
1400  24  217
1400  24  216
1396  24  215
1392  24  215
1400  24  214
1396  24  213
1404  24  212
1404  23  211
1392  23  211
1404  23  210
1400  23  209
1396  23  209
1408  23  208
1400  23  207
1396  23  207
1404  23  206
1396  23  205
1408  23  204
1392  23  203
1400  23  202
1400  23  201
1392  23  201
1400  22  200
1408  22  199
1400  22  198
1408  22  197
1392  22  197
1400  22  196
1404  22  195
1396  22  194
1396  22  193
1404  22  192
1396  22  191
1396  22  190
1416  21  189
1400  21  189
1408  21  188
1396  21  187
1400  21  186
1404  21  185
1396  21  184
1396  21  183
1408  21  182
1396  21  181
1400  21  180
1456  21  179
1428  21  178
1416  20  177
1396  20  177
1400  20  176
1404  20  175
1400  20  174
1404  20  173
1400  20  172
1400  20  171
1404  20  170
1448  20  169
1432  20  168
1412  19  167
1404  19  166
1404  19  165
1400  19  164
1396  19  163
1404  19  162
1400  19  161
1396  19  160
1456  19  159
1440  19  157
1448  19  156
1440  19  155
1396  18  154
1404  18  153
1400  18  152
1408  18  151
1400  17  150
1400  17  149
1412  17  148
1400  17  147
1400  17  146
1412  17  145
1396  17  143
1396  17  142
1404  17  141
1404  16  140
1404  16  139
1400  16  138
1404  16  137
1408  16  135
1396  16  134
1396  16  133
1416  15  132
1400  15  130
1404  15  129
1404  15  128
1404  15  127
1404  15  126
1408  14  125
1408  14  124
1408  14  123
1400  14  121
1404  14  120
1396  14  119
1404  14  118
1408  14  116
1408  13  115
1404  13  114
1412  13  112
1400  13  111
1404  13  110
1412  12  109
1408  12  108
1408  12  106
1408  12  105
1400  12  104
1416  12  103
1400  12  102
1412  11  100
1412  11  99
1344  11  98
1344  11  97
1336  11  96
1336  11  95
1348  10  94
1356  10  93
1340  10  91
1340  10  90
1352  10  89
1344  10  88
1340  10  87
1344  10  86
1332  10  85
1344  9  83
1296  9  82
1276  9  81
1272  9  80
1276  9  79
1280  9  78
1276  9  77
1268  9  77
1264  9  76
1272  9  74
1280  9  73
1268  9  72
1272  9  71
1272  8  70
1284  8  69
1272  8  68
1272  8  67
1268  8  66
1272  8  66
1268  8  65
1268  8  64
1272  8  63
1272  8  61
1264  8  60
1264  8  59
1260  8  58
1276  8  57
1272  7  56
1264  7  55
1272  7  54
1272  7  54
1272  7  53
1268  7  52
1276  6  51
1276  6  50
1280  6  49
1272  6  48
1272  6  47
1264  6  46
1276  6  45
1276  6  44
1268  6  43
1272  6  42
1272  6  41
1272  6  40
1264  6  39
1264  6  38
1276  6  37
1272  5  36
1268  5  35
1272  5  34
1280  5  33
1268  5  32
1272  5  31
1264  5  30
1280  4  29
1268  4  28
1276  4  27
1268  4  26
1272  4  25
1272  4  24
1268  4  23
1268  4  23
1268  4  22
1276  4  21
1268  4  20
1264  4  19
1268  4  18
1272  4  17
1268  4  16
1268  4  15
1264  4  14
1268  4  13
1268  3  12
1272  3  11
1264  3  10
1276  3  9
1200  3  9
1192  3  8
1208  3  7
1188  3  6
1200  3  5
1212  3  4
1192  3  3
1196  3  2
1200  3  1
1176  2  0
1200  2  -1
1224  2  -2
1220  2  -2
1216  2  -3
1228  1  -4
1228  1  -5
1228  1  -6
1224  1  -7
1232  1  -8
1224  1  -9
1224  1  -10
1288  1  -11
1284  1  -12
1284  1  -13
1276  0  -14
1288  0  -15
1276  0  -16
1272  0  -16
1300  -1  -17
1324  -1  -18
1328  -1  -19
1324  -1  -20
1328  -1  -21
1320  -1  -22
1324  -1  -23
1316  -1  -24
1324  -1  -25
1312  -1  -25
1308  -1  -26
1332  -1  -27
1312  -1  -28
1332  -2  -29
1328  -2  -29
1320  -2  -30
1320  -2  -31
1328  -2  -32
1328  -2  -33
1320  -2  -33
1316  -2  -34
1324  -2  -35
1316  -2  -36
1308  -2  -36
1320  -2  -37
1328  -2  -38
1312  -2  -38
1316  -2  -39
1324  -2  -40
1316  -2  -40
1312  -2  -41
1308  -2  -42
1316  -2  -42
1308  -2  -43
1308  -2  -43
1324  -2  -44
1312  -2  -45
1312  -2  -46
1312  -2  -46
1320  -2  -47
1304  -2  -47
1308  -2  -48
1320  -2  -49
1308  -2  -49
1308  -2  -50
1312  -2  -51
1312  -2  -51
1308  -2  -52
1312  -2  -53
1368  -2  -54
1344  -2  -54
1356  -2  -55
1348  -2  -56
1360  -2  -57
1352  -2  -58
1340  -2  -58
1364  -2  -59
1356  -2  -60
1304  -3  -61
1316  -3  -62
1308  -3  -63
1356  -3  -64
1360  -3  -65
1304  -4  -66
1312  -4  -66
1308  -4  -67
1320  -4  -68
1316  -5  -69
1320  -5  -70
1320  -5  -71
1308  -5  -71
1312  -5  -72
1324  -6  -73
1328  -6  -74
1316  -6  -75
1312  -6  -75
1328  -7  -76
1332  -7  -77
1324  -7  -78
1324  -7  -78
1328  -7  -79
1328  -7  -80
1332  -8  -81
1332  -8  -81
1328  -8  -82
1320  -8  -83
1316  -8  -83
1312  -8  -84
1312  -8  -84
1320  -8  -85
1332  -8  -86
1320  -8  -86
1324  -8  -86
1336  -8  -87
1320  -8  -87
1332  -8  -88
1324  -8  -88
1328  -8  -89
1316  -8  -89
1328  -8  -90
1328  -8  -90
1324  -8  -90
1320  -8  -90
1332  -8  -91
1320  -8  -91
1316  -8  -91
1320  -8  -91
1324  -8  -91
1320  -8  -91
1316  -7  -92
1312  -7  -92
1308  -7  -92
1308  -7  -92
1304  -7  -92
1316  -7  -92
1304  -6  -92
1308  -6  -92
1304  -6  -92
1316  -6  -93
1300  -6  -93
1304  -6  -93
1312  -6  -93
1304  -6  -93
1304  -6  -93
1364  -5  -94
1356  -5  -94
1348  -5  -94
1340  -5  -94
1372  -5  -95
1352  -5  -95
1352  -5  -95
1360  -5  -95
1356  -5  -96
1344  -5  -96
1364  -5  -96
1356  -5  -97
1348  -5  -97
1368  -5  -97
1348  -5  -98
1340  -5  -98
1368  -5  -99
1344  -6  -99
1356  -6  -100
1412  -6  -100
1420  -6  -101
1416  -6  -101
1380  -7  -102
1372  -7  -102
1372  -7  -103
1380  -7  -103
1380  -7  -104
1376  -8  -104
1392  -8  -105
1380  -8  -106
1384  -8  -106
1380  -9  -106
1380  -9  -107
1384  -9  -107
1384  -9  -108
1396  -10  -108
1464  -10  -109
1456  -10  -109
1464  -10  -110
1460  -10  -110
1476  -11  -111
1480  -11  -111
1472  -11  -111
1480  -11  -111
1468  -11  -112
1476  -11  -112
1464  -11  -112
1452  -11  -113
1468  -11  -113
1448  -11  -113
1468  -11  -113
1444  -11  -113
1464  -11  -113
1460  -11  -113
1448  -11  -113
1468  -11  -113
1444  -11  -113
1460  -11  -113
1456  -11  -113
1460  -11  -113
1452  -10  -113
1448  -10  -113
1464  -10  -112
1448  -10  -112
1452  -10  -112
1452  -10  -112
1448  -10  -112
1460  -10  -112
1452  -10  -112
1456  -10  -112
1464  -10  -111
1464  -10  -111
1444  -10  -111
1456  -10  -111
1460  -10  -111
1452  -10  -111
1468  -10  -111
1448  -10  -111
1476  -10  -110
1456  -10  -110
1448  -10  -110
1468  -10  -110
1448  -10  -110
1472  -10  -110
1456  -10  -110
1464  -10  -110
1456  -10  -110
1448  -10  -110
1472  -10  -110
1452  -10  -110
1464  -10  -110
1456  -10  -110
1460  -10  -110
1456  -10  -110
1452  -10  -110
1468  -10  -110
1456  -10  -110
1464  -11  -110
1444  -11  -109
1440  -11  -109
1456  -11  -109
1440  -11  -109
1452  -11  -109
1444  -11  -109
1448  -11  -109
1456  -12  -109
1456  -12  -109
1464  -12  -109
1444  -12  -109
1460  -12  -109
1460  -12  -109
1436  -13  -109
1460  -13  -108
1444  -13  -108
1452  -13  -108
1448  -13  -108
1456  -13  -107
1444  -13  -107
1448  -13  -106
1452  -13  -106
1440  -13  -106
1456  -13  -105
1440  -13  -105
1448  -13  -104
1452  -13  -103
1440  -13  -103
1456  -13  -102
1444  -13  -101
1456  -13  -100
1436  -13  -100
1452  -12  -99
1392  -12  -98
1368  -12  -98
1384  -12  -97
1392  -11  -96
1384  -11  -95
1384  -11  -94
1412  -10  -93
1392  -10  -92
1392  -10  -91
1416  -9  -91
1324  -9  -90
1328  -9  -89
1332  -8  -88
1328  -8  -87
1324  -8  -87
1336  -8  -86
1320  -7  -85
1320  -7  -84
1328  -7  -83
1320  -7  -82
1320  -6  -81
1312  -6  -81
1320  -6  -80
1320  -6  -79
1308  -6  -79
1328  -6  -78
1312  -6  -77
1316  -6  -76
1312  -6  -76
1324  -6  -75
1320  -6  -74
1320  -6  -74
1328  -6  -73
1316  -6  -73
1320  -6  -72
1316  -6  -72
1320  -6  -72
1324  -6  -71
1316  -6  -71
1324  -6  -71
1328  -6  -70
1320  -7  -70
1328  -7  -69
1308  -7  -69
1312  -7  -69
1308  -7  -69
1320  -7  -69
1328  -8  -68
1316  -8  -68
1328  -8  -68
1320  -8  -68
1308  -9  -68
1320  -9  -67
1320  -9  -67
1360  -10  -66
1408  -10  -66
1424  -10  -66
1428  -11  -65
1428  -11  -64
1416  -11  -64
1420  -11  -63
1428  -11  -63
1424  -11  -62
1436  -12  -61
1428  -12  -60
1424  -12  -60
1436  -12  -59
1424  -12  -58
1432  -12  -57
1428  -12  -55
1420  -12  -54
1440  -11  -53
1428  -11  -52
1424  -11  -51
1436  -10  -50
1420  -10  -48
1432  -10  -47
1432  -9  -45
1360  -9  -44
1364  -9  -42
1356  -8  -40
1356  -8  -39
1364  -7  -37
1308  -6  -35
1316  -6  -34
1324  -5  -32
1320  -5  -31
1320  -4  -29
1320  -4  -27
1340  -3  -26
1324  -2  -24
1312  -2  -23
1332  -1  -21
1328  -1  -19
1300  0  -18
1284  0  -16
1296  1  -15
1284  1  -13
1288  1  -12
1284  2  -11
1296  2  -9
1224  2  -8
1260  3  -7
1260  3  -6
1264  3  -4
1260  3  -3
1220  3  -2
1224  3  -1
1196  3  0
1216  3  1
1196  3  2
1184  3  3
1204  3  4
1192  3  5
1200  3  5
1208  3  6
1196  3  6
1200  3  7
1200  3  7
1188  3  8
1196  3  8
1212  3  9
1192  3  9
1200  2  9
1200  2  9
1208  2  10
1284  1  10
1280  1  10
1260  0  10
1260  0  10
1272  -1  11
1284  -1  11
1284  -1  11
1288  -2  12
1336  -3  12
1324  -3  12
1336  -4  13
1328  -4  13
1352  -5  14
1340  -5  15
1324  -6  15
1352  -6  16
1328  -6  16
1336  -6  17
1344  -6  18
1344  -7  18
1336  -7  19
1352  -7  20
1340  -7  21
1340  -7  22
1324  -7  23
1344  -7  24
1336  -7  26
1340  -6  27
1356  -6  28
1340  -6  30
1332  -5  31
1352  -5  33
1340  -5  34
1332  -4  36
1352  -4  38
1336  -3  40
1324  -3  42
1336  -2  45
1340  -2  47
1344  -1  49
1332  -1  51
1324  0  53
1320  1  56
1304  2  58
1272  3  60
1260  3  63
1268  4  65
1272  5  67
1276  6  69
1280  7  72
1284  8  74
1276  8  76
1280  9  78
1280  10  80
1324  11  82
1328  11  84
1380  12  87
1372  13  89
1380  14  91
1380  14  93
1376  15  95
1372  15  97
1396  16  99
1380  16  101
1436  17  102
1444  17  104
1440  17  106
1456  17  108
1444  17  109
1452  17  110
1448  17  111
1440  17  113
1452  17  114
1440  17  114
1452  17  115
1448  17  116
1432  16  116
1452  16  116
1444  16  117
1440  15  117
1424  15  117
1400  14  117
1408  14  118
1404  13  118
1404  13  118
1412  12  118
1412  11  118
1416  10  118
1400  10  118
1400  9  118
1384  8  118
1372  7  118
1380  6  119
1380  6  119
1368  5  119
1388  4  120
1392  3  120
1380  3  121
1380  3  121
1380  2  121
1376  2  121
1396  2  122
1380  2  122
1388  1  123
1392  1  124
1388  1  125
1388  1  126
1400  1  128
1388  1  129
1392  1  131
1400  1  133
1388  1  134
1400  2  136
1388  2  138
1388  3  141
1388  3  143
1388  4  146
1372  5  148
1396  5  151
1380  6  154
1380  7  157
1396  8  159
1368  9  162
1376  11  165
1456  12  168
1440  13  171
1396  15  175
1404  16  178
1420  17  181
1424  19  184
1404  20  188
1396  22  191
1452  23  194
1448  24  197
1456  26  200
1444  27  203
1452  28  206
1448  29  210
1452  30  213
1452  31  216
1456  32  219
1460  33  221
1460  34  224
1464  35  227
1456  35  229
1452  36  232
1464  36  234
1456  37  236
1452  37  238
1456  38  240
1452  38  242
1460  38  244
1452  39  245
1456  39  246
1452  39  248
1464  39  249
1448  39  250
1452  39  250
1460  39  251
1448  39  252
1456  39  252
1464  38  253
1460  38  253
1452  38  253
1452  38  253
1460  37  253
1448  37  253
1460  36  253
1444  35  253
1452  34  253
1452  34  252
1452  33  252
1456  32  251
1452  31  250
1456  31  249
1444  30  248
1448  29  247
1448  28  246
1392  27  245
1412  26  244
1412  25  243
1408  24  242
1428  23  241
1400  21  240
1448  20  239
1456  19  238
1448  18  237
1456  17  237
1444  16  237
1460  15  236
1444  14  236
1448  13  236
1448  13  236
1452  12  236
1456  12  236
1452  11  236
1452  11  236
1456  11  236
1452  11  236
1460  11  237
1460  11  238
1456  11  238
1460  11  239
1456  11  240
1464  12  241
1456  12  243
1460  13  244
1452  13  246
1456  14  248
1452  14  250
1452  15  252
1460  16  254
1456  17  257
1460  18  259
1452  19  261
1456  20  264
1452  21  266
1452  22  269
1452  23  271
1396  24  274
1408  25  277
1416  26  279
1412  27  282
1424  29  284
1412  30  286
1404  31  289
1460  32  291
1452  34  293
1460  35  296
1448  35  298
1464  36  301
1452  37  303
1456  38  305
1464  39  307
1456  39  308
1460  40  310
1460  41  311
1448  41  313
1472  42  314
1448  42  314
1472  43  315
1464  44  316
1464  44  316
1460  44  317
1456  44  317
1468  44  318
1456  44  318
1464  44  319
1460  43  319
1460  43  319
1456  43  319
1456  43  319
1468  42  318
1452  42  318
1464  41  317
1456  41  316
1460  40  316
1456  39  315
1452  38  314
1468  37  313
1452  37  312
1460  36  310
1456  35  309
1456  34  308
1444  34  307
1400  33  305
1428  31  304
1412  31  302
1424  29  301
1416  28  300
1412  27  299
1460  26  298
1448  24  297
1456  23  296
1456  21  296
1448  19  296
1464  18  296
1468  17  295
1460  16  295
1464  16  294
1452  15  294
1464  15  293
1444  15  293
1456  15  293
1460  14  293
1460  14  293
1448  14  293
1460  14  294
1460  15  294
1456  15  295
1460  16  295
1464  17  296
1468  17  297
1460  18  299
1456  19  300
1464  19  302
1456  20  304
1460  21  306
1456  22  308
1460  23  310
1452  24  313
1452  25  315
1456  26  317
1448  28  320
1404  29  322
1408  30  324
1412  31  326
1428  32  329
1412  34  330
1404  35  332
1460  37  334
1448  38  336
1460  39  338
1456  40  340
1464  42  342
1452  42  343
1460  43  345
1460  44  347
1456  45  349
1464  45  350
1456  46  352
1472  47  353
1456  47  354
1468  48  355
1468  48  356
1464  48  357
1460  49  357
1456  49  358
1456  49  358
1452  49  358
1452  49  358
1456  49  358
1448  49  358
1460  49  358
1456  49  357
1468  48  357
1456  48  357
1464  47  356
1468  47  355
1460  47  354
1468  46  353
1456  46  352
1468  45  350
1456  45  349
1456  44  348
1464  43  346
1456  43  344
1464  42  342
1456  41  340
1448  41  338
1460  40  336
1456  39  334
1460  38  332
1456  37  329
1456  36  327
1392  35  325
1412  34  323
1424  32  321
1424  31  319
1420  30  317
1416  29  315
1456  27  313
1456  26  311
1448  25  309
1460  23  307
1456  22  305
1460  21  304
1464  20  302
1460  19  301
1472  18  299
1452  18  297
1476  17  296
1460  17  294
1460  16  294
1472  16  293
1460  15  292
1452  15  292
1452  15  292
1464  15  291
1452  15  291
1448  15  291
1456  15  291
1468  16  292
1468  17  292
1460  17  293
1456  18  293
1456  19  294
1456  20  295
1464  21  296
1452  22  297
1464  23  298
1452  24  300
1444  25  301
1456  26  302
1392  27  304
1416  28  305
1412  30  307
1416  30  309
1432  31  310
1416  33  311
1408  34  313
1456  35  314
1452  36  315
1464  37  316
1448  38  317
1460  39  318
1460  40  319
1460  41  320
1456  42  320
1452  42  321
1468  43  322
1452  43  322
1464  44  322
1452  44  322
1452  45  322
1452  45  322
1448  45  322
1456  45  322
1444  45  322
1456  45  322
1444  45  322
1456  45  321
1456  45  321
1452  45  320
1460  45  319
1456  45  317
1464  44  316
1472  44  314
1452  44  313
1464  44  311
1464  43  310
1468  42  308
1460  42  306
1460  41  304
1468  41  302
1452  40  300
1468  40  298
1452  39  296
1468  38  293
1448  38  291
1460  37  289
1464  36  286
1452  35  284
1464  34  281
1452  33  278
1460  32  275
1448  31  272
1444  30  269
1408  29  266
1408  28  263
1412  26  261
1424  25  258
1408  24  255
1412  23  253
1448  21  250
1456  20  248
1444  19  246
1448  17  243
1460  16  241
1452  15  239
1456  14  238
1452  13  236
1456  12  234
1456  12  232
1460  11  230
1460  11  228
1460  10  227
1468  10  226
1452  10  225
1460  10  224
1460  10  223
1452  10  223
1464  10  222
1448  10  222
1456  11  222
1448  12  222
1444  12  222
1448  13  222
1452  14  223
1448  15  223
1452  16  224
1440  17  224
1456  18  225
1440  19  226
1404  20  227
1416  22  228
1420  23  229
1420  24  230
1428  26  230
1460  27  231
1440  28  231
1444  30  232
1452  31  232
1456  32  233
1460  32  234
1448  33  235
1464  34  236
1448  34  236
1456  35  237
1456  35  237
1456  36  237
1456  36  237
1448  37  237
1444  37  237
1456  38  237
1448  38  237
1448  38  237
1448  38  237
1456  38  236
1448  38  236
1452  38  235
1460  38  234
1456  39  233
1460  39  231
1460  39  230
1460  39  229
1460  39  228
1460  38  227
1464  38  225
1456  38  224
1460  38  222
1456  38  220
1460  37  218
1460  37  217
1456  37  215
1468  36  213
1456  36  211
1464  35  209
1452  35  207
1448  35  205
1464  34  202
1452  34  200
1460  33  198
1448  33  195
1472  32  193
1456  31  190
1456  31  187
1468  30  185
1456  29  182
1456  28  179
1452  28  176
1460  27  173
1456  26  170
1444  26  167
1464  25  164
1456  24  161
1456  23  157
1444  22  154
1456  21  151
1456  20  148
1444  19  144
1456  18  141
1440  17  138
1408  15  134
1412  14  131
1412  13  128
1428  12  125
1408  11  122
1408  10  119
1456  8  116
1376  7  113
1380  6  111
1392  5  108
1384  4  106
1388  3  103
1380  2  101
1376  2  98
1336  1  96
1316  1  94
1304  0  92
1300  0  90
1324  -1  88
1340  -1  87
1336  -1  85
1348  -1  84
1340  -2  83
1340  -2  82
1352  -2  81
1340  -2  80
1344  -1  79
1344  -1  79
1344  -1  78
1312  0  78
1304  0  77
1312  1  77
1308  2  77
1312  2  77
1304  3  77
1312  4  77
1300  4  77
1260  5  77
1268  6  77
1284  7  78
1272  8  78
1276  9  78
1260  10  78
1372  11  78
1372  12  78
1380  13  78
1384  14  78
1372  15  78
1392  16  78
1372  17  78
1376  17  78
1400  18  77
1372  18  77
1392  19  77
1392  19  77
1384  19  77
1388  20  77
1392  20  77
1384  20  77
1388  20  76
1400  20  75
1388  20  75
1400  20  74
1384  21  73
1384  21  72
1392  21  70
1388  21  69
1380  21  68
1400  21  66
1392  21  65
1384  20  63
1388  20  61
1388  20  59
1376  20  57
1404  20  56
1384  19  54
1388  19  52
1388  19  50
1384  18  48
1388  18  46
1392  17  44
1396  16  41
1392  16  39
1392  15  37
1388  15  34
1396  14  31
1384  14  28
1376  13  25
1400  12  22
1388  11  19
1372  11  16
1400  10  13
1384  9  10
1316  9  7
1260  8  4
1252  7  1
1244  6  -2
1264  5  -5
1272  4  -8
1264  3  -11
1320  2  -14
1288  1  -17
1280  0  -20
1300  -1  -23
1320  -3  -26
1328  -4  -29
1320  -5  -31
1312  -6  -34
1364  -8  -37
1368  -9  -40
1360  -10  -42
1420  -11  -45
1436  -13  -47
1428  -14  -50
1440  -15  -52
1436  -16  -54
1424  -16  -57
1444  -17  -59
1436  -18  -61
1444  -18  -63
1440  -19  -64
1448  -19  -65
1440  -19  -67
1432  -20  -68
1436  -20  -69
1432  -20  -70
1444  -19  -70
1440  -19  -71
1428  -18  -71
1440  -18  -72
1432  -17  -72
1440  -16  -72
1424  -15  -72
1424  -14  -72
1440  -13  -71
1420  -12  -71
1428  -11  -71
1372  -10  -70
1388  -9  -69
1332  -8  -68
1328  -6  -68
1312  -5  -67
1316  -4  -66
1364  -3  -66
1364  -2  -65
1336  0  -65
1356  1  -64
1336  2  -64
1344  3  -63
1340  3  -63
1340  4  -62
1324  4  -62
1356  5  -61
1340  6  -61
1344  6  -60
1336  7  -60
1356  7  -60
1340  7  -60
1328  8  -60
1340  8  -60
1336  8  -60
1336  8  -60
1348  8  -60
1332  8  -60
1328  8  -60
1340  8  -60
1348  8  -61
1340  8  -62
1332  8  -63
1360  9  -64
1344  9  -65
1344  9  -66
1352  9  -67
1348  9  -68
1340  8  -70
1348  8  -71
1344  8  -72
1348  8  -74
1348  7  -75
1340  7  -77
1340  7  -78
1352  7  -80
1340  6  -82
1336  6  -83
1332  5  -85
1356  5  -87
1344  4  -88
1352  3  -90
1348  3  -92
1344  2  -94
1336  2  -96
1356  1  -98
1340  1  -101
1380  0  -103
1420  -1  -106
1420  -1  -108
1444  -2  -111
1432  -3  -114
1424  -4  -116
1428  -5  -119
1432  -6  -122
1420  -7  -125
1428  -7  -127
1428  -8  -130
1428  -9  -132
1420  -10  -135
1436  -11  -138
1468  -13  -140
1468  -14  -143
1472  -15  -145
1456  -16  -147
1448  -17  -149
1500  -19  -151
1504  -20  -153
1492  -21  -155
1496  -22  -156
1504  -23  -158
1500  -24  -160
1512  -24  -161
1500  -25  -163
1504  -25  -164
1500  -26  -165
1504  -26  -166
1496  -26  -167
1504  -26  -168
1488  -26  -168
1504  -26  -169
1488  -26  -169
1488  -26  -169
1504  -25  -169
1496  -25  -169
1500  -24  -169
1504  -23  -168
1500  -22  -168
1492  -21  -168
1504  -21  -167
1492  -20  -166
1460  -19  -165
1460  -18  -164
1468  -17  -163
1484  -16  -162
1448  -15  -162
1452  -13  -161
1500  -12  -160
1500  -11  -159
1488  -9  -158
1448  -8  -157
1424  -8  -156
1440  -7  -155
1440  -6  -154
1432  -6  -153
1444  -5  -152
1432  -4  -151
1436  -4  -150
1452  -3  -149
1428  -3  -149
1452  -2  -148
1436  -2  -147
1444  -2  -146
1444  -2  -145
1436  -2  -145
1444  -2  -144
1428  -1  -144
1428  -1  -144
1432  -1  -144
1432  -1  -144
1432  -1  -144
1428  -1  -144
1436  -1  -145
1432  -1  -145
1432  -1  -145
1444  -1  -146
1428  -1  -146
1432  -1  -147
1440  -1  -148
1436  -1  -149
1444  -1  -150
1440  -2  -151
1436  -2  -151
1448  -3  -152
1436  -3  -153
1444  -3  -154
1436  -4  -154
1436  -4  -155
1440  -5  -157
1436  -5  -158
1440  -5  -159
1428  -6  -160
1424  -6  -162
1440  -7  -163
1436  -8  -164
1436  -8  -166
1424  -9  -167
1424  -9  -169
1432  -10  -170
1488  -11  -172
1500  -11  -174
1492  -12  -175
1500  -13  -177
1488  -13  -178
1500  -14  -180
1440  -15  -181
1456  -16  -182
1472  -17  -183
1448  -17  -185
1476  -18  -186
1460  -19  -187
1464  -20  -188
1456  -21  -189
1436  -21  -190
1456  -22  -191
1492  -23  -191
1500  -24  -192
1484  -24  -192
1500  -25  -192
1492  -25  -192
1500  -25  -193
1488  -25  -193
1496  -25  -193
1484  -25  -193
1492  -25  -193
1496  -25  -193
1492  -25  -192
1496  -24  -192
1492  -24  -191
1492  -23  -191
1492  -23  -190
1500  -22  -189
1444  -21  -188
1448  -21  -187
1472  -20  -186
1468  -19  -185
1480  -18  -183
1464  -17  -182
1464  -16  -181
1440  -15  -180
1504  -14  -179
1488  -14  -178
1492  -13  -176
1500  -12  -175
1500  -11  -174
1500  -10  -173
1492  -10  -171
1500  -9  -170
1436  -8  -170
1436  -8  -168
1428  -7  -168
1428  -7  -167
1432  -7  -166
1432  -6  -165
1436  -6  -164
1432  -6  -163
1424  -6  -162
1440  -6  -161
1424  -6  -160
1440  -6  -159
1420  -6  -159
1424  -6  -159
1436  -6  -158
1424  -6  -158
1424  -6  -158
1432  -7  -158
1428  -7  -158
1432  -7  -158
1424  -8  -158
1428  -8  -159
1428  -8  -159
1420  -9  -159
1432  -9  -160
1420  -9  -161
1424  -10  -161
1492  -10  -162
1484  -11  -162
1492  -11  -163
1488  -12  -163
1444  -13  -164
1440  -13  -164
1444  -14  -164
1452  -14  -165
1452  -15  -165
1476  -16  -166
1444  -16  -166
1480  -17  -166
1460  -17  -166
1440  -18  -166
1452  -18  -166
1444  -18  -166
1456  -19  -166
1444  -19  -166
1500  -20  -166
1484  -20  -166
1480  -20  -166
1496  -21  -166
1492  -21  -165
1500  -21  -164
1484  -21  -164
1500  -21  -163
1484  -21  -163
1500  -21  -162
1492  -21  -161
1500  -21  -160
1492  -21  -159
1496  -20  -158
1504  -20  -157
1500  -20  -156
1500  -19  -154
1488  -19  -153
1452  -18  -151
1448  -18  -150
1464  -17  -149
1448  -16  -147
1452  -16  -146
1476  -15  -144
1468  -14  -143
1468  -14  -141
1456  -13  -140
1456  -12  -138
1456  -12  -136
1448  -11  -135
1456  -11  -133
1448  -10  -131
1504  -9  -130
1424  -9  -128
1440  -8  -127
1424  -8  -126
1424  -8  -124
1432  -7  -123
1420  -7  -121
1428  -6  -120
1432  -6  -118
1424  -6  -117
1436  -6  -116
1420  -6  -115
1424  -6  -114
1432  -6  -113
1428  -5  -112
1436  -5  -111
1420  -5  -111
1424  -5  -110
1436  -5  -109
1420  -6  -109
1420  -6  -109
1424  -6  -108
1416  -6  -108
1420  -7  -108
1416  -7  -108
1424  -7  -108
1376  -8  -107
1376  -8  -107
1388  -9  -107
1376  -9  -107
1388  -10  -107
1472  -11  -107
1460  -11  -107
1448  -12  -107
1444  -13  -107
1448  -13  -107
1492  -14  -107
1492  -15  -107
1492  -15  -107
1496  -16  -106
1496  -17  -106
1484  -17  -106
1508  -18  -105
1488  -18  -105
1512  -19  -104
1496  -19  -104
1496  -19  -103
1500  -19  -103
1504  -20  -102
1504  -20  -101
1500  -20  -100
1504  -20  -99
1436  -20  -98
1440  -20  -96
1428  -20  -95
1436  -20  -94
1436  -20  -92
1436  -20  -91
1444  -19  -89
1428  -19  -87
1436  -18  -85
1436  -18  -83
1436  -17  -81
1436  -17  -78
1432  -16  -76
1436  -15  -74
1432  -15  -71
1432  -14  -69
1436  -13  -66
1428  -12  -64
1424  -11  -61
1436  -10  -58
1420  -9  -55
1364  -9  -53
1308  -8  -50
1320  -7  -47
1316  -6  -45
1336  -5  -42
1332  -4  -39
1324  -3  -36
1332  -2  -34
1312  -1  -31
1296  0  -28
1336  1  -26
1340  2  -23
1324  2  -21
1332  3  -19
1352  4  -16
1336  4  -14
1328  5  -12
1340  6  -10
1332  6  -8
1276  7  -6
1268  7  -4
1272  7  -2
1280  8  -1
1268  8  1
1256  8  2
1252  8  4
1240  8  5
1244  8  6
1240  8  8
1240  8  9
1244  8  10
1300  8  11
1304  8  12
1316  7  13
1312  7  13
1308  7  14
1304  7  14
1320  6  15
1308  6  15
1304  5  15
1304  5  16
1276  4  16
1264  4  16
1268  3  16
1280  2  16
1284  2  16
1284  1  17
1256  0  17
1260  -1  17
1328  -2  17
1332  -3  17
1324  -3  17
1336  -4  18
1348  -5  18
1340  -6  19
1332  -7  19
1356  -8  20
1336  -8  20
1348  -9  21
1344  -9  21
1348  -10  22
1408  -10  23
1420  -10  24
1404  -11  25
1404  -11  26
1420  -11  27
1404  -11  29
1416  -11  30
1412  -11  32
1408  -11  33
1420  -10  35
1404  -10  38
1428  -9  40
1344  -9  43
1348  -8  45
1336  -8  48
1364  -7  51
1348  -6  54
1332  -5  57
1356  -4  60
1344  -3  63
1336  -2  67
1356  -1  70
1340  1  73
1308  2  76
1316  3  80
1312  4  83
1260  6  86
1268  7  90
1284  8  94
1280  9  97
1268  11  100
1392  12  104
1452  14  107
1440  15  111
1456  17  114
1448  18  118
1440  19  122
1456  20  126
1444  22  129
1456  22  133
1448  23  136
1460  24  139
1452  25  143
1456  26  145
1464  27  148
1456  27  151
1468  28  154
1452  28  157
1464  28  160
1456  29  162
1452  29  165
1464  29  166
1452  30  169
1456  30  170
1456  30  172
1460  30  173
1460  30  175
1452  30  176
1460  30  178
1456  30  179
1464  30  180
1456  30  181
1456  30  182
1460  30  182
1456  30  183
1452  29  183
1452  29  184
1452  28  184
1448  27  184
1440  27  184
1456  26  184
1436  25  184
1444  25  184
1444  24  184
1428  23  184
1452  22  184
1396  21  183
1404  20  183
1408  19  183
1420  18  183
1428  17  182
1404  16  182
1396  15  182
1448  14  182
1440  13  182
1452  12  182
1440  11  182
1452  10  182
1452  10  183
1448  9  183
1388  9  183
1376  8  183
1380  8  184
1384  8  184
1392  7  185
1380  7  186
1400  7  187
1388  7  188
1392  7  189
1392  7  191
1384  7  192
1396  7  194
1388  7  196
1392  8  197
1396  8  199
1388  8  202
1384  9  204
1392  9  206
1384  10  209
1452  11  212
1448  11  215
1448  12  218
1456  14  221
1444  15  223
1456  16  226
1448  18  229
1432  19  232
1408  20  235
1404  21  239
1420  23  242
1400  24  246
1420  25  249
1416  26  252
1404  27  255
1456  29  258
1452  30  261
1448  31  265
1456  32  268
1456  33  271
1456  34  274
1452  35  277
1460  36  280
1464  37  283
1456  37  285
1460  38  288
1452  39  290
1468  40  292
1452  40  294
1464  41  296
1464  41  297
1464  42  299
1464  42  300
1464  42  302
1468  42  303
1464  43  304
1460  43  305
1468  43  306
1460  43  307
1464  42  307
1456  42  308
1460  41  308
1452  41  308
1448  41  308
1456  40  308
1448  40  308
1460  39  308
1448  39  308
1448  38  308
1460  38  307
1448  37  307
1464  36  306
1444  35  306
1456  34  305
1400  33  304
1408  32  303
1416  31  303
1416  30  302
1424  29  301
1420  28  300
1440  26  300
1468  25  299
1444  24  299
1460  23  299
1452  21  298
1448  20  298
1460  19  298
1452  18  298
1460  18  298
1460  17  298
1460  17  297
1464  16  297
1452  16  298
1460  16  298
1456  16  299
1460  15  299
1460  15  300
1460  16  301
1460  16  302
1460  16  303
1464  16  304
1456  17  306
1460  17  308
1464  18  310
1460  18  312
1468  19  314
1456  20  316
1468  21  318
1448  22  321
1464  23  324
1456  24  326
1452  25  329
1452  26  332
1456  27  334
1452  29  337
1448  30  340
1396  31  343
1416  32  346
1424  34  349
1424  35  351
1416  36  354
1404  38  357
1456  39  359
1452  41  362
1464  42  365
1444  43  367
1456  44  370
1460  45  372
1460  46  375
1460  47  377
1448  47  379
1460  48  381
1460  49  383
1460  50  385
1464  50  386
1464  51  388
1464  51  389
1460  51  390
1464  52  391
1448  52  392
1452  52  393
1460  52  394
1456  53  394
1456  53  394
1452  53  394
1456  53  394
1448  53  394
1452  52  394
1452  52  394
1456  51  394
1464  51  394
1460  50  393
1452  49  393
1460  49  392
1456  49  391
1460  48  390
1460  47  389
1460  47  388
1456  46  386
1448  45  385
1460  44  384
1452  43  382
1460  42  381
1444  41  379
1396  40  377
1416  39  375
1416  38  374
1424  37  372
1424  36  370
1412  35  369
1412  34  368
1460  32  366
1460  31  365
1440  29  365
1460  28  364
1460  26  363
1448  25  363
1472  24  362
1464  23  361
1464  22  360
1456  22  359
1456  22  358
1452  22  358
1452  21  358
1460  21  358
1452  21  358
1460  21  358
1448  21  358
1452  22  358
1460  22  359
1460  23  360
1468  23  361
1460  24  362
1464  25  363
1452  26  365
1456  26  366
1460  27  368
1452  28  370
1460  29  372
1448  30  374
1456  31  376
1456  33  378
1448  34  380
1408  35  382
1412  36  384
1424  38  386
1424  39  389
1412  40  390
1460  42  392
1444  43  394
1448  45  396
1460  46  397
1452  48  399
1460  49  401
1456  50  402
1464  51  404
1456  51  405
1460  52  406
1468  53  408
1456  53  409
1464  54  410
1452  54  411
1468  55  412
1452  55  412
1452  55  413
1456  55  413
1452  55  413
1460  56  413
1452  56  413
1460  56  413
1452  56  413
1456  55  413
1464  55  412
1448  55  412
1464  55  411
1456  54  410
1456  54  409
1460  54  408
1456  54  406
1468  53  405
1452  53  404
1468  52  402
1468  51  401
1452  51  399
1468  50  397
1452  50  395
1468  49  393
1452  48  391
1468  47  388
1448  47  386
1460  46  384
1460  45  381
1444  44  379
1464  43  376
1448  42  373
1460  41  371
1448  40  368
1400  38  366
1428  37  363
1420  36  360
1420  35  358
1416  33  355
1408  32  353
1460  31  350
1448  29  348
1464  28  346
1452  26  344
1456  25  341
1464  24  339
1456  23  337
1464  22  335
1464  21  333
1456  21  331
1472  20  329
1460  20  328
1464  19  326
1460  19  325
1464  18  324
1452  18  324
1452  18  323
1456  18  323
1456  18  322
1456  18  322
1456  19  322
1464  19  322
1452  20  322
1452  21  322
1464  22  323
1444  22  323
1464  23  324
1448  25  325
1456  26  325
1444  27  326
1448  28  327
1452  29  328
1400  30  330
1420  31  331
1420  32  332
1420  34  333
1416  35  334
1404  36  335
1452  37  336
1460  39  337
1444  40  337
1464  41  338
1456  42  339
1460  43  340
1440  43  340
1460  44  341
1460  45  341
1452  45  341
1468  46  341
1452  46  341
1460  47  341
1448  47  341
1448  47  341
1456  47  341
1444  47  341
1456  47  341
1456  47  340
1448  47  340
1460  47  339
1456  47  338
1464  47  336
1456  47  335
1460  47  333
1456  47  332
1460  47  330
1464  47  329
1460  46  326
1464  46  325
1456  46  322
1464  45  320
1456  45  318
1464  44  316
1472  44  314
1464  43  311
1468  42  309
1460  41  306
1468  40  304
1452  40  301
1456  39  298
1464  38  295
1460  37  292
1460  37  289
1456  36  285
1460  35  282
1456  34  279
1456  33  275
1456  32  272
1456  31  268
1404  29  265
1408  28  262
1408  27  258
1424  26  255
1416  24  252
1416  23  249
1396  22  246
1448  20  243
1452  19  240
1448  18  237
1452  16  234
1452  15  232
1452  14  229
1456  13  226
1448  13  223
1460  12  221
1452  11  218
1448  11  216
1456  11  214
1456  10  212
1460  10  210
1448  10  209
1468  9  207
1392  9  206
1376  9  205
1396  9  205
1384  10  204
1436  10  204
1460  10  203
1448  11  203
1452  12  203
1444  12  203
1444  14  203
1448  15  203
1428  16  203
1404  17  203
1400  18  203
1408  19  204
1420  21  204
1400  22  204
1404  23  204
1444  25  204
1444  26  205
1448  27  205
1444  28  205
1456  29  205
1448  30  206
1448  31  206
1456  31  207
1452  32  207
1460  33  207
1448  33  207
1456  34  207
1440  34  207
1452  35  207
1456  35  207
1448  35  207
1468  36  206
1452  36  206
1456  36  205
1456  36  205
1456  37  204
1464  37  203
1452  37  201
1472  38  200
1452  38  199
1452  38  198
1460  38  196
1448  38  195
1460  38  194
1452  38  192
1460  38  191
1448  38  189
1456  38  187
1460  38  186
1452  38  184
1464  38  182
1448  38  180
1460  37  178
1460  37  177
1456  37  174
1460  37  172
1460  36  170
1460  36  167
1452  36  165
1460  35  162
1460  35  159
1452  35  157
1460  35  154
1460  34  151
1468  33  149
1452  33  146
1460  32  143
1468  32  140
1460  31  137
1464  31  134
1460  30  131
1460  30  128
1460  29  125
1456  28  121
1464  27  118
1452  26  114
1460  26  111
1456  25  107
1460  24  103
1452  23  99
1400  22  96
1396  21  92
1388  20  88
1380  19  84
1400  18  80
1380  17  77
1388  16  73
1396  15  69
1372  13  64
1400  12  60
1368  11  56
1376  10  52
1380  8  48
1276  7  44
1276  5  40
1280  4  36
1288  3  32
1272  1  29
1248  0  25
1312  -2  22
1328  -3  18
1352  -5  15
1328  -6  12
1340  -7  8
1284  -9  5
1272  -10  3
1324  -11  0
1360  -12  -3
1364  -13  -6
1368  -14  -9
1372  -15  -11
1420  -15  -14
1440  -16  -16
1452  -17  -18
1436  -17  -20
1444  -17  -21
1436  -17  -23
1428  -17  -25
1444  -17  -26
1432  -17  -27
1440  -16  -28
1428  -16  -29
1436  -15  -29
1444  -14  -30
1432  -14  -30
1436  -13  -30
1428  -12  -30
1432  -11  -30
1436  -9  -30
1368  -8  -29
1300  -6  -29
1320  -5  -29
1316  -3  -29
1328  -2  -28
1320  -1  -28
1356  1  -28
1328  2  -28
1344  3  -27
1332  5  -27
1340  6  -27
1324  7  -27
1356  8  -27
1340  10  -27
1400  11  -26
1412  11  -26
1404  12  -26
1420  13  -25
1404  13  -25
1412  14  -25
1412  14  -25
1412  15  -25
1420  15  -25
1408  16  -25
1412  16  -25
1412  16  -25
1408  16  -25
1404  16  -26
1412  16  -26
1408  16  -27
1420  17  -28
1412  17  -29
1408  17  -31
1420  17  -32
1412  17  -34
1412  17  -35
1420  17  -37
1416  17  -39
1420  17  -40
1412  17  -42
1408  17  -44
1416  17  -47
1412  17  -49
1412  17  -51
1416  17  -53
1408  17  -55
1420  17  -57
1412  16  -59
1412  16  -61
1416  15  -63
1412  15  -66
1420  14  -68
1412  14  -71
1408  14  -73
1424  13  -76
1412  13  -79
1412  12  -82
1420  11  -84
1408  11  -87
1420  10  -90
1412  9  -93
1344  9  -96
1356  8  -99
1348  7  -101
1400  7  -104
1420  6  -107
1412  5  -111
1412  4  -114
1420  3  -116
1408  2  -119
1428  1  -122
1392  0  -126
1416  -1  -129
1436  -2  -132
1432  -4  -135
1440  -5  -139
1432  -6  -143
1424  -7  -147
1436  -8  -151
1424  -9  -154
1436  -10  -158
1480  -11  -162
1496  -12  -167
1496  -13  -171
1432  -15  -175
1472  -16  -179
1460  -17  -183
1464  -18  -186
1456  -20  -189
1444  -21  -192
1456  -22  -195
1504  -24  -197
1500  -25  -199
1492  -27  -202
1504  -28  -203
1496  -30  -205
1508  -31  -207
1504  -32  -208
1516  -33  -210
1500  -33  -211
1512  -34  -212
1504  -34  -213
1504  -34  -214
1512  -35  -215
1500  -35  -216
1512  -34  -216
1504  -34  -217
1512  -33  -217
1496  -32  -217
1500  -31  -217
1500  -30  -217
1496  -29  -217
1492  -27  -217
1500  -26  -216
1436  -24  -216
1472  -22  -215
1476  -21  -214
1436  -19  -214
1456  -18  -213
1500  -16  -212
1496  -14  -212
1500  -12  -211
1500  -11  -211
1504  -9  -210
1444  -8  -209
1448  -7  -208
1432  -6  -206
1452  -5  -205
1440  -4  -204
1436  -4  -203
1448  -3  -202
1440  -2  -200
1440  -1  -199
1424  0  -198
1396  0  -197
1432  1  -196
1412  1  -195
1424  1  -194
1416  2  -193
1416  2  -192
1420  2  -191
1412  2  -191
1420  3  -190
1408  3  -190
1404  3  -190
1428  4  -191
1408  4  -191
1404  4  -191
1424  4  -192
1412  5  -192
1420  5  -193
1416  5  -194
1416  6  -195
1424  6  -196
1408  7  -197
1408  7  -198
1412  7  -199
1404  7  -200
1412  7  -201
1404  7  -202
1400  7  -202
1412  7  -203
1408  7  -204
1400  7  -205
1416  7  -206
