5428  0  0
1196  1  1
1212  1  1
1212  1  1
1220  1  1
1212  1  1
1212  1  1
1212  1  1
1216  1  1
1208  1  1
1220  1  1
1216  1  1
1208  1  1
1212  1  1
1216  1  1
1220  1  1
1208  1  1
1216  1  1
1208  1  1
1216  1  1
1184  1  0
1200  1  0
1192  1  0
1188  1  0
1196  1  0
1192  1  0
1192  1  0
1196  1  0
1196  1  0
1188  1  0
1196  1  0
1064  0  0
1076  0  0
1076  0  0
1072  0  0
1072  0  0
1076  0  0
1076  0  0
1072  0  0
1212  0  -1
1208  0  -1
1216  0  -1
1212  0  -1
1212  0  -1
1228  0  -1
1212  0  -1
1216  0  -1
1212  0  -1
1212  0  -1
1228  0  -1
1212  0  -1
1212  0  -1
1216  0  -1
1212  0  -1
1216  0  -1
1224  0  -1
1212  0  -1
1216  0  -1
1212  0  -1
1216  0  -1
1224  0  -1
1212  0  -1
1216  0  -1
1212  0  -1
1216  0  -1
1220  0  -1
1216  0  -1
1216  0  -1
1212  0  -1
1216  0  -1
1216  0  -1
1220  0  -1
1216  0  -1
1212  0  -1
1216  0  -1
1216  0  -1
1220  0  -1
1216  0  -1
1212  0  -1
1216  0  -1
1216  0  -1
1220  0  -1
1216  0  -1
1212  0  -1
1216  0  -1
1216  0  -1
1216  0  -1
1220  0  -1
1240  -1  -1
1252  -1  -1
1264  -1  -1
1268  -1  -1
1264  -1  -1
1260  -1  -1
1264  -1  -1
1272  -1  -1
1260  -1  -1
1264  -1  -1
1260  -1  -1
1264  -1  -1
1268  -1  -1
1264  -1  -1
1260  -1  -1
1264  -1  -1
1272  -1  -1
1260  -1  -1
1264  -1  -1
1260  -1  -1
1268  -1  -1
1264  -1  -1
1264  -1  -1
1260  -1  -1
1264  -1  -1
1268  -1  -1
1260  -1  -1
1268  -1  -1
1260  -1  -1
1268  -1  -1
1264  -1  -1
1260  -1  -1
1264  -1  -1
1268  -1  -1
1264  -1  -1
1260  -1  -1
1264  -1  -1
1272  -1  -1
1260  -1  -1
1264  -1  -1
1260  -1  -1
1264  -1  -1
1268  -1  -1
1264  -1  -1
1260  -1  -1
1264  -1  -1
1272  -1  -1
1260  -1  -1
1264  -1  -1
1260  -1  -1
1268  -1  -1
1264  -1  -1
1264  -1  -1
1260  -1  -1
1268  -1  -1
1264  -1  -1
1260  -1  -1
1268  -1  -1
1260  -1  -1
1268  -1  -1
1264  -1  -1
1260  -1  -1
1264  -1  -1
1268  -1  -1
1264  -1  -1
1260  -1  -1
1264  -1  -1
1272  -1  -1
1260  -1  -1
1264  -1  -1
1260  -1  -1
1272  -1  -1
1260  -1  -1
1264  -1  -1
1260  -1  -1
1264  -1  -1
1272  -1  -1
1260  -1  -1
1264  -1  -1
1260  -1  -1
1268  -1  -1
1264  -1  -1
1264  -1  -1
1260  -1  -1
1268  -1  -1
1264  -1  -1
1260  -1  -1
1268  -1  -1
1260  -1  -1
1268  -1  -1
1264  -1  -1
1260  -1  -1
1264  -1  -1
1268  -1  -1
1264  -1  -1
1260  -1  -1
1264  -1  -1
1272  -1  -1
1260  -1  -1
1264  -1  -1
1260  -1  -1
1272  -1  -1
1260  -1  -1
1264  -1  -1
1260  -1  -1
1264  -1  -1
1272  -1  -1
1260  -1  -1
1264  -1  -1
1260  -1  -1
1268  -1  -1
1264  -1  -1
1264  -1  -1
1248  -2  -1
1260  -2  -1
1252  -2  -1
1248  -2  -1
1252  -2  -1
1252  -2  -1
1256  -2  -1
1252  -2  -1
1252  -2  -1
1252  -2  -1
1256  -2  -1
1252  -2  -1
1252  -2  -1
1228  -2  0
1212  -2  0
1220  -2  0
1208  -2  0
1208  -2  0
1208  -2  0
1200  -2  0
1216  -2  0
1228  -1  0
1216  -1  0
1220  -1  0
1216  -1  0
1220  -1  0
1224  -1  0
1216  -1  0
1228  -1  1
1228  -1  1
1224  -1  1
1236  -1  1
1224  -1  1
1228  -1  1
1228  -1  1
1228  -1  1
1232  -1  1
1228  -1  1
1224  -1  1
1232  -1  1
1224  -1  1
1236  -1  1
1224  -1  1
1232  -1  1
1224  -1  1
1228  -1  1
1232  -1  1
1224  -2  1
1220  -2  1
1224  -2  1
1220  -2  1
1232  -2  1
1220  -2  1
1220  -2  1
1224  -2  1
1220  -2  1
1232  -2  1
1220  -2  1
1220  -2  1
1224  -2  1
1220  -2  1
1228  -2  1
1220  -2  1
1224  -2  1
1224  -2  1
1220  -2  1
1228  -2  2
1220  -2  2
1220  -2  2
1220  -2  2
1220  -2  2
1216  -2  2
1228  -2  2
1220  -2  2
1220  -2  2
1220  -2  3
1216  -2  3
1224  -2  3
1220  -2  3
1228  -2  4
1224  -2  4
1220  -2  4
1236  -2  4
1228  -1  5
1224  -1  5
1228  -1  5
1224  -1  5
1228  -1  5
1228  -1  5
1224  0  6
1204  0  6
1196  0  6
1208  0  6
1196  0  6
1200  0  6
1196  0  6
1188  0  6
1200  0  7
1212  0  7
1196  0  7
1192  0  7
1200  0  7
1188  0  7
1196  0  7
1212  0  7
1184  0  8
1192  0  8
1188  0  8
1192  0  8
1188  0  8
1196  0  8
1196  0  8
1184  0  8
1192  0  8
1204  -1  8
1220  -1  8
1236  -1  8
1224  -1  8
1224  -1  8
1224  -1  8
1228  -1  8
1232  -1  8
1228  -1  8
1224  -1  8
1224  -1  8
1224  -1  8
1232  -1  8
1228  -1  8
1224  -1  8
1228  -1  8
1224  -1  8
1232  -1  8
1224  -1  8
1224  -1  8
1228  -1  8
1228  -1  8
1228  -1  8
1228  -1  8
1224  -1  8
1224  -1  8
1224  -1  8
1236  -1  8
1224  -1  8
1228  -1  8
1224  -1  8
1224  -1  8
1236  -1  9
1224  -1  9
1224  -1  9
1228  -1  9
1224  -1  9
1232  -1  9
1224  -1  9
1228  -1  9
1224  -1  9
1224  -1  9
1220  0  9
1208  0  9
1196  0  9
1192  0  9
1192  0  9
1196  0  9
1208  0  9
1196  0  9
1196  0  9
1192  0  9
1188  0  9
1196  0  9
1208  0  9
1196  0  9
1192  0  9
1196  0  9
1192  0  9
1192  0  9
1212  0  9
1196  0  9
1200  -1  9
1220  -1  9
1224  -1  9
1224  -1  9
1232  -1  10
1284  -1  10
1288  -1  10
1292  -1  10
1296  -1  10
1288  -1  10
1292  -2  10
1284  -2  10
1292  -2  10
1288  -2  10
1284  -2  10
1292  -2  10
1288  -2  10
1284  -2  10
1288  -2  10
1292  -2  11
1288  -2  11
1284  -2  11
1284  -2  11
1292  -2  12
1284  -2  12
1284  -2  12
1324  -2  13
1296  -1  13
1292  -1  14
1288  -1  14
1292  -1  14
1292  -1  14
1292  -1  15
1276  0  15
1252  0  16
1264  0  16
1248  0  16
1260  0  17
1256  0  17
1284  1  17
1276  1  18
1272  1  18
1276  1  18
1292  1  19
1272  1  19
1276  2  19
1296  2  20
1300  2  20
1288  2  20
1280  2  21
1276  2  21
1288  2  21
1272  2  22
1264  2  22
1272  2  22
1276  2  22
1268  2  22
1264  2  22
1272  2  22
1276  2  22
1264  2  23
1276  1  23
1268  1  23
1272  1  23
1280  1  23
1272  1  23
1272  1  23
1268  1  23
1280  1  23
1240  0  23
1248  0  23
1240  0  23
1252  0  23
1260  0  24
1252  0  24
1304  -1  24
1324  -1  24
1328  -1  24
1324  -1  25
1324  -1  25
1332  -1  25
1324  -1  25
1320  -1  25
1340  -1  26
1324  -1  26
1324  -1  26
1336  -1  27
1332  -1  27
1324  -1  27
1328  -1  28
1336  -1  28
1328  -1  29
1328  -1  29
1336  -1  30
1272  0  30
1256  0  31
1240  0  32
1252  0  32
1260  0  33
1268  1  34
1264  1  35
1264  1  35
1276  1  36
1272  2  37
1276  2  38
1268  2  38
1276  2  39
1276  3  40
1272  3  41
1272  3  41
1280  4  42
1264  4  42
1268  4  43
1276  4  44
1288  5  45
1272  5  45
1276  5  46
1276  5  47
1276  5  48
1268  6  48
1272  6  49
1272  6  50
1276  6  50
1276  6  51
1276  6  52
1272  6  52
1276  7  53
1264  7  53
1272  7  54
1268  7  54
1272  7  55
1260  7  55
1264  7  55
1260  7  55
1264  7  56
1272  7  56
1260  7  56
1264  7  56
1264  7  56
1276  7  57
1260  7  57
1276  6  57
1268  6  57
1276  6  57
1272  6  57
1264  6  57
1280  5  58
1284  5  58
1272  5  58
1272  5  58
1272  4  58
1268  4  58
1268  4  58
1268  4  58
1264  4  58
1268  3  58
1260  3  58
1256  3  58
1264  3  59
1260  3  59
1268  3  59
1300  2  59
1300  2  59
1312  2  60
1304  2  60
1304  2  61
1300  2  61
1312  2  61
1304  2  62
1304  2  62
1308  2  63
1316  2  64
1300  2  64
1316  2  65
1316  2  65
1308  2  66
1308  3  67
1304  3  68
1308  3  69
1308  3  70
1264  4  71
1264  4  72
1272  4  73
1264  5  74
1264  5  75
1272  6  76
1268  6  77
1276  6  78
1276  7  79
1280  7  80
1288  8  81
1284  8  82
1268  8  83
1284  9  84
1284  9  85
1272  10  86
1332  10  87
1340  10  88
1344  11  90
1332  11  91
1336  11  92
1340  12  93
1328  12  94
1332  12  95
1380  13  96
1368  13  97
1368  13  97
1380  14  98
1372  14  99
1376  14  100
1440  14  100
1444  14  101
1440  14  101
1440  14  102
1428  14  102
1444  14  102
1440  14  103
1432  14  103
1432  14  103
1436  14  103
1448  14  103
1388  13  103
1392  13  103
1396  13  103
1404  12  103
1408  12  103
1400  12  103
1412  11  103
1416  11  103
1408  10  103
1404  10  103
1416  9  103
1344  9  103
1328  8  103
1332  8  103
1328  8  103
1324  7  103
1332  7  103
1324  7  103
1324  7  103
1332  7  103
1320  7  103
1324  7  103
1372  6  103
1372  6  103
1372  6  103
1372  6  104
1376  6  104
1376  6  105
1380  6  105
1376  6  106
1368  6  106
1396  6  107
1364  6  108
1372  7  109
1372  7  109
1368  7  110
1376  7  111
1380  7  112
1328  8  113
1332  8  114
1376  8  115
1332  9  117
1324  9  117
1344  10  118
1404  10  120
1412  11  121
1416  11  122
1412  12  123
1400  12  124
1420  12  125
1408  13  126
1416  13  127
1416  14  128
1408  14  130
1412  14  131
1404  15  132
1404  15  133
1412  15  134
1404  16  135
1400  16  136
1408  16  137
1400  16  138
1452  17  138
1440  17  139
1388  17  140
1408  17  141
1388  17  141
1396  17  142
1456  18  142
1428  18  142
1456  18  143
1436  18  143
1440  18  143
1432  18  143
1392  17  143
1400  17  143
1388  17  143
1396  17  143
1412  16  143
1396  16  143
1424  15  143
1408  15  143
1404  15  143
1428  14  143
1408  14  143
1404  13  143
1412  13  143
1396  12  143
1404  12  143
1396  12  143
1392  11  143
1400  11  143
1396  11  143
1396  11  143
1452  10  143
1436  10  143
1448  10  143
1432  10  143
1432  10  143
1448  10  143
1440  10  143
1444  10  143
1444  10  144
1428  10  144
1456  10  145
1436  10  145
1448  10  146
1440  10  146
1444  10  147
1448  11  148
1432  11  149
1452  11  150
1428  11  150
1400  12  151
1408  12  152
1400  12  153
1404  13  154
1400  13  155
1404  13  156
1412  14  157
1400  14  158
1392  14  158
1428  15  159
1412  15  160
1420  16  161
1428  16  162
1416  16  162
1424  17  163
1416  17  164
1412  17  165
1412  18  166
1404  18  167
1408  18  168
1400  18  168
1412  18  169
1408  19  170
1396  19  170
1400  19  171
1400  19  171
1404  19  172
1408  19  172
1392  19  172
1408  19  173
1404  19  173
1400  19  173
1400  19  173
1408  19  173
1400  19  173
1408  19  173
1400  19  173
1408  18  173
1420  18  173
1412  18  173
1420  17  173
1424  17  173
1416  17  173
1412  16  173
1400  16  173
1408  16  173
1408  16  173
1400  15  173
1396  15  173
1404  15  173
1396  14  173
1400  14  173
1388  14  173
1392  14  173
1400  14  173
1388  14  173
1392  14  173
1400  14  173
1388  14  173
1392  14  173
1400  14  173
1388  14  173
1400  14  173
1392  14  173
1392  14  173
1404  14  174
1388  14  174
1392  14  174
1404  14  175
1392  14  175
1436  14  176
1440  14  176
1448  14  177
1432  14  177
1448  14  178
1388  15  178
1404  15  179
1396  15  180
1400  15  180
1396  15  181
1404  16  181
1412  16  182
1400  16  182
1400  16  183
1412  17  183
1408  17  184
1404  17  184
1412  17  185
1396  18  185
1420  18  186
1404  18  186
1408  18  186
1424  18  187
1412  18  188
1424  19  188
1408  19  189
1408  19  189
1412  19  189
1400  19  190
1392  19  190
1404  19  190
1392  19  190
1416  19  191
1404  19  191
1404  19  191
1408  19  191
1400  19  191
1408  19  191
1408  19  191
1404  19  191
1400  19  191
1412  19  191
1416  18  191
1420  18  191
1408  18  191
1416  18  191
1416  18  191
1412  18  191
1412  17  191
1400  17  191
1400  17  191
1404  17  191
1400  17  191
1400  17  191
1412  17  191
1392  16  191
1392  16  191
1400  16  191
1396  16  191
1400  16  191
1388  16  191
1396  16  191
1400  16  191
1392  16  191
1392  16  191
1400  16  191
1392  16  191
1392  16  191
1408  16  192
1404  17  192
1404  17  192
1400  17  192
1400  17  192
1404  17  192
1400  17  192
1412  18  192
1416  18  193
1400  18  193
1408  18  193
1404  18  193
1400  18  193
1412  18  193
1404  18  194
1400  18  194
1404  18  194
1400  18  194
1408  18  194
1392  18  194
1400  18  194
1408  18  194
1400  18  194
1400  18  194
1404  18  194
1400  18  194
1396  18  194
1408  18  194
1396  18  194
1408  18  194
1396  18  194
1400  18  194
1404  17  194
1396  17  194
1396  17  194
1400  17  194
1396  17  194
1392  17  194
1408  17  194
1392  17  194
1400  17  194
1396  17  194
1396  17  194
1400  17  194
1396  17  194
1392  17  194
1400  17  194
1396  17  194
1412  18  194
1400  18  194
1396  18  194
1408  18  194
1396  18  194
1400  18  194
1408  18  194
1396  18  194
1400  18  194
1404  18  194
1400  18  194
1404  18  194
1400  18  194
1400  18  194
1408  18  194
1396  18  194
1396  18  194
1412  18  194
1396  18  194
1408  18  194
1396  18  194
1400  18  194
1404  18  194
1400  18  194
1400  18  194
1404  18  194
1400  18  194
1396  18  194
1416  18  193
1404  18  193
1412  18  193
1400  18  193
1400  18  193
1408  18  193
1404  18  193
1400  18  193
1412  18  193
1424  19  193
1424  19  193
1420  19  193
1420  19  193
1428  19  193
1420  19  193
1428  19  193
1420  19  193
1420  19  193
1424  19  193
1420  19  193
1420  19  193
1428  19  193
1420  19  193
1416  20  193
1408  20  193
1404  20  193
1416  20  193
1404  20  193
1416  20  193
1404  20  193
1404  20  193
1416  20  192
1404  20  192
1400  20  192
1412  20  192
1400  20  192
1408  20  192
1400  20  192
1408  20  192
1404  21  191
1392  21  191
1392  21  191
1400  21  191
1392  21  191
1392  21  190
1400  21  190
1392  21  190
1416  21  189
1396  21  189
1396  21  189
1412  21  188
1388  21  188
1400  21  187
1404  21  187
1396  21  186
1396  21  186
1416  20  185
1396  20  185
1412  20  184
1396  20  184
1416  19  183
1416  19  183
1408  19  182
1400  19  182
1416  19  181
1396  19  181
1412  18  180
1412  18  179
1420  18  178
1420  18  178
1416  18  177
1424  17  177
1408  17  176
1400  17  175
1404  17  175
1412  17  174
1420  17  173
1424  17  173
1432  17  172
1424  16  171
1412  16  171
1412  16  170
1412  16  170
1408  16  170
1412  15  169
1404  15  169
1404  15  168
1400  15  168
1408  15  167
1392  15  167
1404  15  167
1408  15  166
1396  15  166
1408  15  166
1400  15  166
1416  15  165
1404  15  165
1404  16  165
1408  16  165
1408  16  164
1404  16  164
1412  16  164
1404  16  164
1424  17  163
1408  17  163
1408  17  163
1416  17  163
1408  17  163
1408  17  163
1420  17  163
1400  18  163
1404  18  163
1400  18  163
1400  18  162
1404  18  162
1400  18  162
1396  19  162
1400  19  162
1388  19  162
1400  19  161
1396  19  161
1396  19  161
1404  19  160
1392  19  160
1444  20  160
1456  20  159
1432  20  159
1456  20  158
1436  20  158
1448  20  157
1452  20  157
1448  20  156
1448  20  155
1444  20  154
1428  19  154
1456  19  153
1444  19  152
1452  19  151
1436  19  151
1392  18  150
1456  18  149
1440  18  148
1444  18  147
1400  17  146
1400  17  145
1408  17  144
1408  16  143
1412  16  142
1400  16  141
1412  15  140
1420  15  139
1408  15  138
1416  14  137
1424  14  136
1416  14  135
1416  13  134
1416  13  133
1424  13  132
1428  13  131
1420  12  130
1420  12  129
1420  12  128
1412  12  127
1428  12  126
1400  11  126
1408  11  125
1416  11  124
1404  11  124
1416  11  123
1400  11  123
1408  11  122
1408  11  122
1412  11  121
1412  11  121
1424  11  120
1412  11  120
1420  11  119
1404  11  119
1408  11  119
1404  12  119
1412  12  118
1404  12  118
1416  12  118
1404  12  118
1412  13  118
1400  13  117
1400  13  117
1404  14  117
1392  14  117
1392  14  117
1400  14  117
1436  15  117
1440  15  117
1436  15  117
1432  15  116
1456  16  116
1436  16  116
1448  16  116
1436  16  116
1436  16  115
1456  17  115
1444  17  115
1448  17  115
1444  17  114
1448  17  114
1444  17  113
1440  18  113
1448  18  113
1440  18  112
1448  18  111
1436  18  111
1444  18  110
1452  18  109
1436  18  109
1452  18  108
1452  17  107
1432  17  106
1456  17  105
1444  17  104
1452  17  103
1448  16  102
1452  16  101
1444  16  99
1380  16  98
1392  15  97
1372  15  96
1376  15  94
1384  14  93
1372  14  92
1380  14  91
1384  13  89
1376  13  88
1376  12  87
1372  12  85
1336  11  84
1332  11  82
1340  11  81
1340  10  80
1328  10  78
1348  9  77
1272  9  76
1284  8  74
1276  8  73
1284  7  72
1276  7  70
1272  7  69
1280  6  68
1288  6  67
1272  5  66
1268  5  65
1276  5  64
1284  5  63
1272  4  62
1264  4  61
1268  4  60
1276  4  59
1264  3  58
1260  3  58
1268  3  57
1264  3  56
1264  3  56
1272  3  55
1260  3  55
1268  3  54
1272  3  54
1264  3  53
1260  3  53
1260  3  53
1264  3  53
1276  4  53
1268  4  53
1276  4  52
1276  4  52
1268  5  52
1272  5  52
1276  6  52
1280  6  52
1264  7  52
1260  7  52
1264  7  52
1260  8  52
1264  8  52
1260  8  52
1300  9  52
1300  9  52
1308  9  52
1304  10  52
1364  10  51
1376  10  51
1368  10  51
1376  11  51
1380  11  51
1376  11  51
1368  12  51
1380  12  51
1376  12  50
1372  12  50
1380  12  49
1372  12  49
1376  12  48
1376  12  48
1384  12  47
1364  12  47
1392  12  46
1380  12  45
1388  12  44
1376  12  43
1380  12  42
1380  11  41
1376  11  40
1380  11  39
1384  11  38
1392  10  37
1364  10  35
1400  9  34
1308  9  33
1312  9  31
1316  8  30
1308  8  29
1312  7  27
1304  7  25
1312  7  24
1304  6  22
1268  5  21
1260  5  19
1276  4  18
1268  4  17
1272  3  15
1276  2  13
1288  2  12
1284  1  10
1268  0  9
1204  0  7
1196  -1  6
1232  -1  5
1220  -2  3
1220  -2  2
1228  -3  1
1220  -3  -1
1288  -4  -2
1284  -4  -3
1308  -5  -4
1284  -5  -5
1308  -6  -6
1280  -6  -7
1296  -7  -7
1308  -7  -8
1292  -7  -9
1296  -7  -10
1356  -7  -10
1364  -7  -11
1360  -7  -11
1356  -7  -12
1364  -7  -12
1356  -7  -12
1356  -7  -12
1364  -7  -12
1352  -6  -12
1356  -6  -12
1360  -6  -12
1352  -5  -12
1340  -5  -12
1320  -4  -12
1316  -3  -11
1312  -3  -11
1324  -2  -11
1336  -1  -11
1336  -1  -10
1304  0  -10
1296  0  -10
1288  1  -10
1288  2  -10
1284  2  -9
1228  2  -9
1260  3  -9
1260  3  -9
1260  4  -9
1264  4  -8
1268  4  -8
1256  4  -8
1268  5  -8
1264  5  -8
1276  5  -8
1264  5  -8
1268  5  -8
1264  5  -8
1276  5  -9
1264  5  -9
1264  5  -9
1264  4  -9
1272  4  -10
1320  4  -10
1328  4  -11
1332  4  -12
1336  4  -12
1328  4  -13
1336  3  -14
1340  3  -15
1344  3  -16
1320  2  -17
1336  2  -18
1328  2  -19
1288  1  -20
1288  1  -21
1276  0  -22
1272  0  -23
1276  0  -24
1292  -1  -25
1316  -1  -26
1324  -2  -27
1324  -2  -28
1324  -3  -29
1340  -3  -30
1328  -4  -31
1328  -4  -32
1328  -5  -33
1324  -5  -34
1312  -5  -35
1328  -5  -36
1312  -6  -37
1316  -6  -38
1304  -6  -38
1328  -7  -39
1304  -7  -39
1308  -7  -40
1320  -7  -41
1360  -8  -41
1352  -8  -41
1360  -8  -42
1348  -8  -42
1352  -8  -42
1356  -8  -42
1352  -8  -42
1348  -8  -42
1344  -8  -42
1364  -8  -42
1348  -8  -42
1304  -7  -42
1312  -7  -42
1308  -7  -42
1320  -6  -41
1320  -6  -41
1324  -5  -41
1320  -5  -41
1320  -5  -41
1344  -4  -41
1336  -4  -41
1320  -3  -41
1332  -3  -40
1312  -2  -40
1316  -2  -40
1308  -2  -40
1328  -2  -39
1308  -1  -39
1304  -1  -39
1316  -1  -39
1336  0  -39
1316  0  -39
1308  0  -39
1320  0  -39
1308  0  -39
1308  0  -39
1320  0  -39
1308  0  -39
1312  0  -39
1308  0  -39
1292  -1  -39
1300  -1  -39
1304  -1  -39
1320  -1  -40
1312  -1  -40
1312  -2  -40
1312  -2  -41
1320  -2  -41
1308  -2  -41
1312  -2  -42
1320  -3  -42
1320  -3  -43
1316  -3  -43
1316  -3  -43
1332  -4  -44
1320  -4  -44
1320  -4  -44
1336  -4  -45
1324  -5  -45
1320  -5  -45
1332  -5  -46
1328  -5  -46
1324  -5  -47
1320  -5  -47
1332  -5  -47
1316  -5  -48
1308  -5  -48
1308  -5  -48
1328  -5  -49
1320  -5  -49
1320  -6  -49
1328  -6  -50
1316  -6  -50
1316  -6  -50
1320  -6  -50
1324  -6  -50
1316  -6  -50
1320  -6  -50
1324  -6  -50
1316  -6  -50
1316  -6  -50
1324  -6  -50
1320  -6  -50
1316  -6  -50
1316  -6  -50
1324  -6  -50
1324  -6  -49
1320  -6  -49
1324  -6  -49
1320  -6  -49
1320  -6  -49
1320  -6  -49
1324  -5  -49
1320  -5  -49
1316  -5  -49
1328  -5  -49
1316  -5  -49
1320  -5  -49
1316  -5  -49
1324  -5  -49
1320  -5  -49
1316  -5  -49
1324  -5  -49
1320  -5  -49
1316  -5  -48
1308  -5  -48
1316  -5  -48
1312  -5  -48
1308  -5  -48
1316  -5  -48
1320  -6  -48
1316  -6  -48
1320  -6  -48
1324  -6  -48
1316  -6  -48
1316  -6  -48
1324  -6  -48
1320  -6  -48
1316  -6  -48
1316  -6  -48
1324  -6  -48
1320  -6  -48
1312  -6  -48
1328  -6  -48
1304  -7  -48
1308  -7  -48
1308  -7  -48
1308  -7  -48
1316  -7  -47
1308  -7  -47
1320  -7  -47
1312  -7  -46
1308  -7  -46
1312  -7  -46
1316  -7  -46
1308  -7  -46
1304  -7  -46
1324  -7  -45
1308  -7  -45
1312  -7  -45
1312  -7  -44
1316  -7  -44
1308  -7  -44
1312  -7  -43
1304  -7  -43
1328  -6  -43
1316  -6  -42
1316  -6  -42
1320  -6  -42
1328  -5  -41
1324  -5  -41
1328  -5  -40
1320  -5  -40
1320  -5  -39
1312  -5  -39
1332  -5  -38
1320  -5  -38
1320  -5  -37
1328  -5  -36
1312  -5  -36
1320  -5  -35
1312  -5  -35
1328  -5  -34
1316  -5  -34
1324  -5  -33
1324  -5  -32
1328  -4  -32
1324  -4  -31
1320  -4  -31
1332  -4  -30
1312  -4  -30
1316  -4  -30
1324  -4  -30
1328  -3  -29
1312  -3  -29
1316  -3  -28
1320  -3  -28
1324  -3  -27
1320  -3  -27
1328  -3  -27
1320  -3  -27
1328  -3  -26
1336  -3  -26
1324  -3  -26
1324  -3  -26
1328  -3  -25
1328  -3  -25
1320  -3  -25
1324  -4  -24
1328  -4  -24
1316  -4  -24
1316  -4  -24
1320  -4  -23
1320  -4  -23
1312  -5  -23
1304  -5  -23
1320  -5  -22
1304  -5  -22
1312  -5  -22
1312  -5  -21
1316  -5  -21
1312  -5  -20
1308  -5  -20
1320  -5  -19
1312  -5  -19
1304  -5  -19
1312  -5  -18
1312  -5  -18
1360  -5  -17
1348  -5  -17
1364  -5  -16
1352  -5  -16
1356  -5  -15
1360  -5  -14
1352  -5  -14
1344  -5  -13
1372  -5  -12
1344  -5  -12
1356  -5  -11
1364  -5  -10
1356  -5  -9
1248  -4  -8
1284  -4  -7
1296  -4  -6
1284  -4  -5
1288  -4  -4
1248  -3  -3
1252  -3  -2
1244  -3  -2
1236  -2  0
1228  -2  1
1220  -2  2
1240  -1  2
1232  -1  3
1228  -1  4
1220  0  5
1200  0  6
1212  0  7
1184  0  8
1204  1  8
1212  1  9
1216  1  10
1284  1  11
1280  2  12
1272  2  13
1280  2  14
1284  2  15
1284  2  16
1272  2  17
1272  2  18
1276  3  19
1272  3  20
1272  3  20
1280  3  21
1280  3  22
1284  3  22
1276  3  23
1280  3  24
1276  3  24
1284  3  24
1276  3  25
1272  3  25
1280  3  26
1284  3  26
1276  3  26
1276  3  27
1276  2  27
1280  2  27
1276  2  28
1272  2  28
1280  2  29
1276  1  29
1268  1  29
1268  1  30
1268  1  30
1256  0  31
1240  0  31
1256  0  32
1236  0  32
1324  -1  33
1324  -1  33
1336  -1  34
1328  -1  34
1340  -1  35
1336  -1  36
1336  -1  36
1340  -1  37
1324  -1  37
1336  -1  38
1340  -1  39
1336  -1  40
1332  -1  41
1336  -1  41
1332  -1  42
1332  -1  44
1324  0  45
1308  0  46
1296  0  47
1288  0  48
1304  1  49
1316  1  50
1264  2  52
1260  2  53
1316  2  54
1264  3  56
1264  3  57
1264  3  59
1268  4  60
1276  4  62
1276  5  63
1268  5  65
1280  6  66
1288  6  67
1268  7  69
1276  7  70
1280  8  72
1280  8  73
1268  9  75
1264  9  76
1268  10  78
1332  10  79
1332  11  81
1328  11  82
1340  11  83
1376  12  84
1372  12  86
1388  13  87
1372  13  88
1372  13  89
1380  13  90
1372  14  92
1372  14  93
1376  14  94
1372  14  95
1364  14  95
1380  14  96
1376  14  97
1368  14  97
1380  14  98
1368  14  98
1372  14  99
1380  14  99
1332  13  100
1380  13  100
1400  13  100
1388  13  100
1400  12  100
1400  12  101
1408  11  101
1408  11  101
1400  11  101
1424  10  101
1432  10  101
1408  9  101
1340  9  101
1344  8  101
1332  8  101
1324  7  101
1336  7  101
1380  6  102
1364  6  102
1380  5  102
1372  5  102
1372  5  103
1392  4  103
1380  4  104
1368  4  104
1384  4  104
1384  4  105
1368  4  105
1396  4  106
1380  4  106
1376  4  107
1376  4  108
1372  4  109
1380  4  110
1376  4  111
1376  4  112
1384  5  113
1380  5  115
1380  5  116
1388  6  118
1376  6  119
1376  7  121
1376  7  123
1376  7  124
1380  8  126
1380  9  128
1368  9  130
1332  10  132
1404  11  133
1400  11  135
1404  12  137
1424  13  139
1416  14  141
1420  15  142
1404  15  144
1408  16  146
1412  17  148
1396  17  150
1400  18  151
1456  19  153
1440  19  155
1460  20  157
1440  20  158
1456  21  160
1440  21  161
1448  22  162
1452  22  164
1448  22  165
1452  22  166
1452  23  168
1448  23  169
1448  23  169
1452  23  170
1448  23  171
1444  23  171
1448  23  171
1448  23  172
1440  22  172
1444  22  172
1440  22  172
1448  21  172
1440  21  172
1388  20  172
1400  20  172
1404  19  172
1396  19  172
1416  18  172
1424  17  172
1432  17  172
1408  16  172
1404  15  172
1412  15  171
1396  14  171
1448  13  171
1424  13  171
1440  12  171
1452  12  171
1440  11  171
1448  11  171
1440  11  171
1440  10  171
1444  10  171
1436  10  171
1448  10  171
1440  10  172
1428  10  172
1452  10  172
1440  10  173
1452  10  174
1436  10  174
1444  10  175
1452  10  176
1448  11  177
1452  11  178
1440  11  179
1448  11  180
1444  11  182
1448  12  183
1456  12  185
1444  13  186
1448  13  188
1448  13  189
1432  14  191
1456  14  192
1444  15  194
1400  16  195
1448  16  197
1392  17  198
1416  18  200
1404  18  201
1416  19  203
1412  20  205
1412  20  206
1428  21  207
1404  21  209
1416  22  210
1408  22  212
1404  23  214
1412  23  215
1400  24  217
1400  24  218
1404  24  219
1448  25  220
1388  25  221
1460  26  222
1436  26  223
1448  26  224
1436  26  225
1440  27  226
1452  27  227
1432  27  227
1460  27  228
1436  27  228
1448  27  228
1440  27  228
1440  27  229
1448  27  229
1436  27  229
1444  26  229
1432  26  229
1392  25  229
1400  25  229
1404  24  229
1420  23  228
1416  23  228
1408  22  228
1416  22  228
1412  21  227
1400  21  227
1404  20  227
1400  20  226
1436  19  226
1448  19  226
1440  18  226
1444  18  226
1444  17  226
1452  17  225
1440  17  225
1444  16  225
1448  16  225
1444  16  225
1444  16  225
1452  16  226
1436  16  226
1452  16  226
1448  16  227
1452  16  227
1448  16  228
1444  16  228
1452  17  229
1436  17  229
1460  17  230
1444  17  231
1456  18  232
1440  18  233
1440  18  234
1452  19  235
1440  19  236
1448  19  237
1440  20  238
1440  20  240
1400  21  241
1396  21  242
1416  22  243
1396  22  244
1412  23  245
1416  23  246
1416  24  247
1412  24  248
1432  25  249
1408  25  250
1420  26  251
1408  26  252
1404  27  253
1404  27  254
1404  27  255
1400  27  255
1412  28  256
1400  28  257
1408  28  258
1400  28  258
1452  29  259
1444  29  260
1436  29  260
1444  29  260
1436  29  260
1428  29  260
1452  29  260
1436  29  260
1440  29  260
1436  29  260
1396  28  260
1412  28  260
1400  28  260
1408  27  260
1412  27  260
1404  27  260
1412  27  260
1424  26  259
1416  26  259
1424  25  259
1420  25  258
1424  25  258
1404  24  258
1416  24  257
1416  24  257
1404  23  256
1396  23  256
1404  23  256
1400  23  255
1400  23  255
1396  22  255
1388  22  255
1408  22  254
1388  22  254
1396  22  254
1400  22  254
1388  22  254
1396  22  254
1400  22  254
1392  22  254
1400  22  254
1392  22  254
1392  22  255
1400  22  255
1388  22  255
1392  22  255
1396  22  255
1400  23  255
1400  23  256
1404  23  256
1396  23  256
1420  24  256
1408  24  257
1408  24  257
1416  24  257
1408  24  257
1408  24  258
1412  24  258
1416  25  258
1424  25  259
1412  25  259
1412  25  259
1416  25  259
1412  25  259
1416  26  259
1424  26  259
1416  26  259
1420  26  259
1416  26  259
1416  26  259
1424  26  259
1416  26  259
1420  26  259
1412  26  259
1416  26  259
1424  26  259
1416  25  259
1412  25  259
1420  25  259
1408  25  259
1432  25  258
1412  25  258
1416  25  258
1424  25  258
1416  25  258
1424  25  257
1412  25  257
1404  25  257
1416  25  256
1396  25  256
1396  25  256
1404  25  256
1400  25  256
1416  25  255
1404  25  255
1404  25  255
1416  25  255
1404  25  255
1420  25  254
1424  25  254
1420  25  254
1424  25  254
1416  25  254
1420  25  253
1424  25  253
1416  25  253
1420  25  253
1412  25  252
1408  25  252
1412  25  252
1408  25  252
1400  25  251
1404  25  251
1396  25  251
1396  25  251
1404  25  251
1412  25  250
1412  25  250
1408  25  250
1404  25  250
1412  25  250
1420  25  249
1424  25  249
1408  25  249
1416  25  249
1420  25  248
1404  25  248
1404  25  248
1408  26  248
1408  26  247
1412  26  247
1404  26  246
1400  26  246
1404  26  246
1404  26  245
1396  26  245
1404  26  245
1408  26  244
1392  26  244
1408  26  243
1396  26  243
1408  26  242
1396  26  242
1392  26  241
1400  26  241
1408  26  240
1400  26  239
1400  26  239
1400  26  238
1408  26  237
1396  25  237
1404  25  236
1412  25  235
1404  25  234
1400  25  233
1404  25  233
1412  24  232
1416  24  231
1408  24  230
1404  24  229
1424  23  229
1416  23  228
1416  23  227
1424  23  226
1408  23  225
1428  22  224
1424  22  223
1420  22  222
1416  22  221
1408  22  220
1428  21  219
1412  21  218
1412  21  217
1416  21  216
1400  21  215
1412  20  214
1408  20  214
1408  20  213
1424  20  212
1408  20  211
1412  20  210
1416  19  209
1396  19  209
1400  19  208
1412  19  207
1412  19  206
1412  19  206
1408  19  205
1412  19  204
1412  19  203
1404  19  203
1412  19  202
1424  19  201
1408  19  201
1420  19  200
1412  19  199
1412  19  199
1424  19  198
1404  19  198
1420  19  197
1420  19  197
1416  19  196
1412  19  195
1400  19  195
1396  19  195
1416  19  194
1400  19  194
1436  19  193
1408  20  193
1408  20  193
1416  20  192
1408  20  191
1404  20  191
1408  21  190
1388  21  190
1416  21  189
1396  21  189
1400  21  188
1408  21  187
1392  21  187
1400  21  186
1448  22  186
1440  22  185
1444  22  184
1440  22  183
1424  22  183
1456  22  182
1440  22  181
1452  22  180
1444  22  179
1444  22  178
1456  22  177
1440  21  176
1452  21  175
1440  21  174
1432  21  173
1456  21  172
1440  21  170
1456  20  169
1440  20  168
1444  20  167
1400  19  166
1396  19  164
1404  19  163
1400  19  162
1400  18  160
1412  18  159
1404  18  157
1412  17  156
1404  17  154
1404  17  153
1420  16  152
1412  16  150
1412  16  149
1420  15  148
1420  15  146
1420  15  145
1404  14  144
1428  14  142
1420  14  141
1412  13  140
1416  13  138
1424  13  137
1420  13  136
1420  12  135
1412  12  134
1408  12  133
1416  12  132
1412  12  131
1424  12  130
1416  12  129
1420  12  128
1420  12  127
1420  12  126
1408  12  125
1412  12  124
1408  12  123
1412  12  123
1424  12  122
1420  12  121
1416  12  121
1408  12  120
1404  12  119
1412  13  119
1400  13  118
1408  13  118
1404  13  117
1396  14  117
1408  14  116
1392  14  116
1400  14  115
1400  14  115
1448  15  114
1444  15  113
1424  15  113
1440  15  112
1456  16  112
1432  16  111
1452  16  110
1424  16  110
1444  16  109
1464  17  108
1432  17  108
1464  17  107
1440  17  106
1448  17  105
1436  17  105
1432  17  104
1460  17  103
1440  17  102
1448  17  101
1444  17  100
1440  17  98
1384  17  97
1380  16  96
1372  16  95
1384  16  94
1368  16  92
1388  16  91
1372  16  90
1392  15  88
1388  15  87
1368  15  85
1372  15  84
1396  14  82
1380  14  81
1376  14  79
1384  13  77
1380  13  76
1376  13  74
1384  12  72
1376  12  70
1376  11  69
1392  11  67
1368  10  65
1372  10  63
1340  9  61
1268  9  60
1264  8  58
1264  8  56
1284  7  54
1268  7  53
1280  6  51
1272  6  49
1272  5  48
1280  5  46
1280  4  44
1264  4  43
1284  3  41
1280  3  39
1276  3  38
1272  2  36
1272  2  35
1276  2  33
1272  1  32
1268  1  30
1256  0  29
1252  0  28
1252  0  27
1304  -1  26
1328  -1  25
1328  -1  24
1332  -1  23
1288  -1  22
1296  -1  21
1288  -1  20
1292  -1  19
1284  -1  18
1296  -1  17
1288  -1  17
1288  -1  16
1292  -1  16
1292  -1  15
1288  -1  15
1280  0  14
1268  0  14
1252  0  14
1268  1  13
1264  1  13
1280  2  12
1284  2  12
1268  3  11
1264  3  11
1264  3  11
1272  3  11
1264  4  11
1256  4  11
1260  4  11
1272  4  10
1304  5  10
1304  5  10
1308  6  9
1248  6  9
1248  6  8
1240  7  8
1248  7  7
1248  7  7
1244  8  6
1240  8  6
1240  8  6
1244  8  5
1248  8  4
1248  8  3
1244  8  3
1244  8  2
1252  8  1
1232  8  0
1252  8  -1
1264  8  -2
1272  8  -3
1280  7  -4
1268  7  -5
1264  7  -6
1268  7  -8
1272  6  -9
1268  6  -11
1324  6  -12
1336  5  -14
1348  5  -15
1340  4  -17
1324  4  -19
1348  3  -21
1328  3  -22
1332  2  -24
1340  2  -26
1328  1  -28
1272  0  -30
1268  0  -32
1300  -1  -34
1308  -1  -35
1324  -2  -37
1324  -3  -39
1348  -4  -41
1312  -4  -43
1328  -5  -45
1328  -6  -47
1308  -7  -48
1312  -7  -50
1320  -8  -52
1308  -8  -53
1360  -9  -55
1344  -9  -57
1372  -10  -58
1416  -10  -59
1428  -11  -61
1420  -11  -62
1428  -12  -63
1432  -12  -65
1432  -13  -66
1432  -13  -67
1428  -13  -67
1424  -13  -68
1436  -13  -69
1424  -13  -69
1428  -13  -70
1432  -13  -70
1428  -13  -71
1432  -13  -71
1424  -12  -71
1416  -12  -71
1428  -11  -71
1416  -11  -71
1380  -10  -71
1380  -10  -70
1380  -9  -70
1324  -8  -70
1328  -7  -70
1320  -7  -70
1324  -6  -70
1320  -5  -70
1316  -5  -70
1308  -4  -70
1364  -3  -70
1348  -3  -70
1356  -2  -69
1368  -1  -69
1356  -1  -69
1360  -1  -69
1340  0  -69
1320  0  -69
1312  0  -69
1316  0  -69
1324  0  -69
1316  0  -69
1316  0  -69
1320  0  -69
1320  0  -70
1316  0  -70
1308  0  -70
1332  0  -71
1312  0  -71
1316  0  -72
1328  0  -73
1312  0  -73
1348  -1  -74
1364  -1  -75
1364  -1  -76
1356  -1  -77
1368  -2  -78
1360  -2  -79
1360  -2  -80
1344  -3  -82
1372  -3  -83
1352  -3  -84
1360  -4  -86
1364  -4  -87
1352  -5  -89
1348  -5  -90
1312  -6  -91
1312  -6  -93
1308  -7  -94
1320  -7  -95
1316  -8  -97
1332  -9  -98
1320  -9  -99
1328  -9  -101
1404  -10  -102
1464  -11  -104
1464  -11  -105
1444  -12  -107
1468  -12  -108
1440  -13  -109
1456  -13  -110
1444  -14  -111
1448  -14  -112
1500  -15  -113
1488  -15  -114
1496  -16  -115
1492  -16  -116
1496  -16  -116
1492  -17  -117
1496  -17  -117
1488  -17  -117
1500  -17  -118
1484  -17  -118
1496  -17  -118
1492  -17  -118
1484  -17  -118
1496  -17  -118
1488  -16  -118
1500  -16  -117
1484  -15  -117
1488  -15  -117
1444  -14  -116
1452  -14  -116
1448  -13  -116
1476  -12  -115
1460  -12  -115
1460  -11  -115
1464  -10  -114
1436  -9  -114
1368  -9  -114
1388  -9  -113
1368  -8  -113
1428  -7  -113
1432  -7  -112
1420  -6  -112
1424  -6  -112
1420  -6  -111
1416  -6  -111
1432  -5  -111
1424  -5  -111
1432  -5  -110
1420  -5  -110
1420  -5  -110
1428  -5  -110
1424  -5  -110
1424  -6  -110
1416  -6  -110
1416  -6  -110
1428  -6  -111
1416  -7  -111
1416  -7  -111
1428  -7  -112
1420  -7  -112
1380  -8  -113
1376  -8  -114
1376  -8  -114
1392  -9  -115
1376  -9  -115
1392  -10  -116
1444  -10  -116
1468  -11  -117
1468  -11  -117
1460  -11  -118
1444  -12  -119
1448  -12  -119
1456  -12  -120
1472  -13  -121
1444  -13  -121
1472  -13  -122
1452  -13  -122
1464  -13  -123
1452  -14  -123
1448  -14  -124
1460  -14  -124
1460  -14  -125
1452  -14  -125
1444  -15  -125
1444  -15  -125
1452  -15  -125
1444  -15  -125
1452  -15  -125
1440  -15  -125
1444  -15  -125
1448  -15  -125
1448  -15  -124
1444  -15  -124
1440  -15  -124
1444  -15  -123
1452  -15  -123
1444  -15  -122
1444  -15  -122
1440  -15  -122
1460  -14  -121
1444  -14  -120
1440  -14  -120
1476  -13  -120
1456  -13  -119
1460  -13  -119
1440  -12  -119
1476  -12  -118
1452  -12  -118
1468  -12  -117
1464  -12  -116
1464  -11  -116
1464  -11  -115
1448  -11  -114
1440  -11  -114
1452  -11  -114
1456  -10  -113
1452  -10  -113
1464  -10  -112
1464  -10  -111
1444  -10  -111
1460  -10  -110
1472  -10  -110
1460  -10  -109
1464  -10  -109
1460  -10  -108
1464  -10  -108
1456  -10  -108
1452  -10  -107
1468  -10  -107
1464  -10  -106
1468  -10  -106
1456  -10  -106
1468  -10  -106
1456  -10  -105
1448  -10  -105
1460  -10  -105
1452  -10  -105
1476  -11  -105
1456  -11  -105
1468  -11  -105
1460  -11  -105
1452  -11  -105
1468  -12  -104
1440  -12  -104
1456  -12  -104
1448  -12  -104
1444  -13  -104
1448  -13  -104
1448  -13  -103
1444  -13  -103
1440  -13  -103
1456  -13  -102
1440  -13  -102
1444  -13  -102
1452  -13  -101
1440  -13  -101
1448  -13  -101
1444  -13  -100
1440  -13  -100
1452  -13  -99
1420  -13  -98
1436  -14  -98
1424  -14  -97
1420  -14  -96
1424  -14  -95
1424  -14  -94
1428  -14  -93
1420  -14  -92
1424  -14  -91
1428  -14  -90
1428  -13  -89
1432  -13  -88
1428  -13  -87
1420  -12  -85
1428  -12  -84
1420  -12  -83
1376  -11  -81
1388  -11  -80
1384  -10  -79
1388  -10  -78
1384  -9  -76
1316  -9  -75
1336  -8  -74
1328  -8  -73
1324  -7  -72
1352  -7  -71
1340  -6  -70
1324  -6  -68
1316  -5  -67
1324  -5  -66
1316  -5  -65
1324  -5  -63
1316  -4  -62
1320  -4  -61
1316  -4  -60
1312  -4  -59
1320  -3  -58
1316  -3  -57
1312  -3  -55
1308  -3  -55
1320  -3  -54
1312  -3  -53
1312  -3  -52
1320  -3  -51
1312  -3  -51
1316  -3  -50
1312  -3  -49
1320  -3  -49
1320  -3  -48
1312  -3  -48
1320  -3  -48
1316  -3  -48
1320  -3  -47
1324  -4  -47
1328  -4  -47
1328  -4  -46
1324  -5  -46
1328  -5  -46
1320  -6  -45
1312  -6  -45
1316  -6  -45
1316  -7  -45
1312  -7  -44
1360  -8  -44
1356  -8  -44
1352  -9  -44
1356  -9  -43
1356  -9  -43
1364  -10  -42
1416  -10  -42
1436  -10  -41
1424  -11  -41
1432  -11  -40
1420  -11  -40
1424  -11  -39
1436  -11  -38
1420  -11  -38
1424  -11  -36
1436  -11  -35
1428  -11  -34
1436  -11  -33
1428  -11  -32
1432  -11  -31
1440  -11  -30
1428  -11  -28
1436  -10  -27
1424  -10  -25
1432  -10  -23
1436  -10  -22
1428  -9  -20
1376  -9  -18
1360  -8  -16
1356  -8  -14
1368  -7  -12
1360  -6  -10
1360  -6  -8
1312  -5  -6
1292  -5  -4
1284  -4  -2
1232  -3  0
1224  -3  2
1236  -2  4
1224  -1  6
1216  0  8
1196  0  10
1280  1  11
1284  2  13
1276  2  15
1276  3  17
1264  4  19
1276  5  21
1256  5  23
1304  6  25
1300  6  27
1312  7  28
1308  7  30
1304  7  32
1316  8  33
1308  8  35
1312  9  37
1304  9  38
1316  9  40
1308  9  41
1300  9  43
1316  9  44
1308  9  45
1312  9  46
1304  9  47
1316  9  48
1304  9  49
1304  9  50
1308  9  51
1308  9  51
1300  9  52
1304  9  53
1268  8  53
1256  8  53
1264  8  54
1268  7  54
1264  7  55
1272  7  55
1268  6  55
1280  6  56
1276  5  56
1284  5  56
1268  4  57
1260  4  57
1264  3  57
1268  3  58
1304  2  58
1304  2  59
1308  1  59
1316  1  60
1296  0  60
1296  0  61
1312  -1  61
1336  -1  62
1328  -1  63
1332  -1  63
1348  -1  64
1340  -1  65
1328  -1  65
1348  -1  66
1340  -1  67
1332  -1  68
1356  -1  69
1336  -1  71
1340  -1  72
1352  -1  73
1340  -1  75
1316  0  77
1304  0  78
1308  0  80
1300  0  82
1312  1  84
1320  1  86
1308  2  88
1308  2  90
1312  3  93
1324  3  95
1312  4  97
1308  5  99
1316  6  102
1368  6  104
1368  7  107
1332  8  109
1340  9  112
1344  10  114
1404  11  117
1412  12  119
1408  13  122
1412  14  124
1400  15  127
1448  16  129
1452  17  132
1440  18  135
1452  18  137
1448  19  140
1448  20  142
1452  21  145
1448  22  147
1452  22  149
1448  23  152
1456  23  153
1448  24  156
1452  24  157
1456  24  159
1452  24  161
1456  25  162
1452  25  164
1448  25  165
1460  25  166
1444  25  167
1460  25  168
1444  25  168
1456  24  169
1440  24  170
1436  24  170
1460  23  170
1444  23  171
1448  22  171
1432  22  171
1436  21  171
1404  20  171
1392  20  171
1404  19  171
1404  18  171
1408  17  171
1408  17  171
1416  16  171
1400  15  171
1404  14  171
1444  13  170
1452  12  170
1436  12  170
1444  11  170
1444  10  170
1444  9  170
1376  9  170
1372  9  170
1384  8  170
1384  8  170
1392  8  171
1368  7  171
1384  7  171
1392  7  172
1368  7  172
1396  7  173
1368  7  173
1392  6  174
1392  6  175
1388  6  176
1380  6  178
1400  6  179
1392  6  181
1392  7  182
1384  7  184
1380  7  186
1400  7  188
1388  8  189
1376  8  191
1396  9  193
1384  10  195
1440  10  197
1460  11  200
1448  12  202
1452  13  204
1448  14  206
1448  14  209
1448  15  212
1444  16  214
1456  17  217
1440  18  220
1400  19  223
1400  20  226
1404  21  229
1420  22  231
1424  23  234
1420  24  237
1412  25  239
1400  26  241
1404  27  244
1444  28  246
1448  29  249
1452  30  251
1448  31  253
1448  32  255
1456  33  257
1448  33  259
1460  34  261
1460  35  262
1460  35  264
1456  35  266
1460  35  267
1456  36  269
1448  36  270
1456  36  271
1456  36  272
1460  36  273
1448  36  273
1468  36  274
1448  36  274
1452  36  274
1452  35  274
1452  35  274
1448  35  274
1448  34  274
1452  33  274
1456  33  274
1444  32  274
1456  31  273
1396  30  273
1400  30  272
1404  29  272
1420  28  271
1416  27  271
1424  26  270
1400  25  270
1416  24  269
1448  23  269
1456  22  269
1444  21  269
1460  20  268
1452  19  268
1452  18  268
1456  18  268
1452  17  267
1456  17  267
1444  17  267
1440  17  267
1460  16  267
1444  16  267
1460  16  268
1452  16  268
1452  16  269
1460  16  269
1452  16  270
1468  16  271
1456  16  272
1464  17  273
1452  17  274
1456  17  275
1460  18  277
1448  18  278
1456  18  280
1456  19  282
1464  20  283
1452  20  285
1452  21  287
1460  22  289
1444  22  291
1460  23  293
1448  24  295
1452  25  298
1452  26  300
1396  27  302
1408  27  304
1404  28  306
1412  29  308
1420  30  310
1416  31  312
1412  32  314
1424  33  317
1408  34  318
1460  35  320
1448  36  322
1460  37  324
1452  38  326
1448  39  328
1460  40  329
1452  40  330
1464  41  332
1456  42  333
1456  42  334
1460  43  335
1448  43  335
1460  43  336
1444  43  336
1468  44  337
1448  44  337
1456  44  337
1456  44  337
1448  44  337
1460  43  337
1444  43  337
1456  43  337
1456  42  337
1456  42  336
1452  41  336
1452  40  335
1456  40  334
1456  39  333
1452  39  332
1460  38  331
1456  37  330
1456  36  328
1400  35  327
1412  34  326
1412  34  325
1436  32  324
1424  31  322
1416  30  321
1408  29  320
1460  28  319
1444  27  319
1468  25  318
1448  24  318
1464  23  317
1448  22  317
1452  21  316
1456  21  316
1460  20  315
1464  20  314
1456  20  313
1460  19  313
1460  19  313
1456  19  313
1460  19  313
1456  19  313
1460  19  313
1452  19  313
1456  20  313
1460  20  314
1452  21  314
1460  21  315
1448  22  317
1456  22  318
1456  23  319
1452  23  321
1460  24  323
1448  25  324
1460  26  326
1448  27  327
1444  27  329
1456  28  331
1444  29  332
1400  30  334
1408  31  336
1412  32  338
1436  33  339
1420  34  341
1416  36  342
1400  37  344
1456  38  345
1460  39  346
1444  41  348
1460  42  349
1452  42  350
1456  43  351
1460  44  352
1456  45  353
1456  45  353
1460  46  354
1464  47  354
1452  47  354
1460  47  355
1468  48  355
1456  48  355
1464  48  355
1456  47  355
1464  47  355
1456  47  355
1452  46  355
1464  46  354
1448  46  354
1464  46  353
1456  46  352
1464  45  351
1456  45  349
1456  45  348
1464  44  347
1456  43  345
1464  43  344
1456  42  342
1464  41  340
1452  40  338
1444  40  336
1464  39  334
1452  38  332
1460  37  330
1448  36  328
1396  35  325
1416  34  323
1420  33  321
1424  32  319
1420  30  317
1404  29  315
1416  28  314
1456  26  312
1452  24  311
1456  23  310
1460  22  309
1464  20  307
1460  19  306
1468  18  304
1464  18  302
1464  18  300
1464  17  299
1460  17  297
1472  17  296
1448  16  296
1464  16  295
1456  15  295
1460  15  294
1452  15  294
1460  16  294
1464  16  294
1460  17  294
1460  18  294
1456  18  295
1452  19  296
1456  20  296
1456  21  297
1460  22  299
1452  23  300
1460  24  301
1444  25  302
1448  26  303
1404  27  305
1404  28  306
1424  29  307
1424  31  308
1412  32  309
1412  33  310
1456  34  311
1456  35  313
1456  37  314
1448  38  315
1460  39  316
1460  40  317
1460  40  317
1456  41  318
1460  42  318
1464  43  319
1456  43  319
1464  44  319
1456  44  319
1456  45  319
1448  45  319
1452  45  319
1452  45  319
1448  45  319
1456  45  319
1456  45  318
1456  45  318
1456  45  317
1456  45  316
1464  45  315
1456  45  314
1464  45  312
1460  45  311
1464  44  309
1456  44  308
1464  43  306
1472  43  304
1452  43  302
1472  42  301
1460  42  298
1476  41  296
1460  41  294
1460  40  292
1464  39  289
1456  38  287
1468  37  284
1456  36  282
1464  36  279
1456  35  276
1448  34  273
1468  33  270
1452  32  266
1456  31  263
1456  30  260
1444  29  257
1404  27  254
1416  26  251
1420  25  248
1412  23  245
1408  22  242
1456  20  240
1448  19  237
1456  17  234
1452  16  232
1452  14  230
1456  13  227
1452  12  225
1460  11  222
1460  10  219
1460  10  217
1460  9  214
1400  8  212
1392  8  210
1392  7  209
1376  7  207
1400  6  206
1388  6  205
1392  6  204
1384  6  203
1384  6  202
1392  6  201
1388  7  201
1384  7  201
1392  7  201
1388  8  201
1376  8  201
1396  9  201
1368  10  201
1452  11  201
1456  12  202
1432  13  202
1452  15  202
1444  16  203
1384  17  203
1412  18  204
1416  19  205
1420  20  206
1404  22  206
1400  23  207
1456  24  208
1440  25  208
1452  26  209
1440  28  209
1452  29  210
1444  30  210
1448  30  211
1452  31  211
1440  31  211
1460  32  211
1452  33  211
1448  33  211
1456  34  211
1440  34  211
1448  34  211
1452  34  210
1444  34  210
1456  34  209
1452  35  209
1460  35  208
1452  35  207
1460  35  206
1452  35  205
1452  35  204
1460  35  202
1456  35  201
1464  35  199
1456  34  198
1456  34  196
1460  34  194
1452  34  192
1464  34  190
1452  33  187
1460  33  185
1456  32  183
1452  32  181
1464  31  178
1448  31  176
1468  30  174
1460  29  171
1464  29  168
1456  28  166
1452  27  163
1460  26  160
1452  26  157
1460  25  154
1456  24  151
1460  23  147
1452  22  144
1448  21  141
1460  20  137
1448  19  134
1456  18  130
1444  17  127
1440  16  123
1404  15  120
1404  13  117
1420  12  114
1412  11  110
1416  10  107
1412  8  105
1336  7  102
1376  6  99
1324  5  97
1316  4  95
1316  3  92
1324  1  90
1312  1  88
1300  0  86
1324  -1  83
1348  -1  81
1344  -1  79
1332  -2  77
1352  -2  75
1344  -2  73
1340  -3  71
1348  -3  70
1340  -3  69
1336  -3  67
1336  -3  66
1348  -3  65
1328  -3  65
1348  -2  64
1348  -2  63
1336  -2  63
1332  -1  62
1340  -1  62
1320  0  62
1312  1  62
1308  1  63
1308  2  63
1260  3  63
1264  4  63
1272  5  63
1276  6  63
1268  7  63
1272  8  63
1260  9  63
1308  10  63
1368  11  63
1372  12  63
1392  13  64
1368  14  64
1380  15  64
1392  15  64
1372  16  64
1372  16  64
1400  17  64
1384  18  64
1396  18  64
1384  18  64
1388  19  64
1392  19  64
1392  19  63
1384  19  63
1400  19  62
1380  20  62
1380  20  61
1384  20  61
1396  20  60
1376  20  58
1396  20  57
1388  20  56
1380  20  55
1396  20  53
1388  20  52
1396  20  50
1384  20  49
1392  20  47
1396  20  46
1388  20  44
1380  20  42
1404  20  40
1388  20  39
1392  19  37
1400  19  35
1392  19  33
1400  18  31
1388  18  29
1388  17  27
1392  17  25
1388  16  22
1384  16  20
1396  15  17
1384  15  14
1392  14  11
1400  13  8
1324  13  5
1324  12  3
1308  11  0
1316  10  -3
1340  10  -6
1352  9  -10
1332  8  -13
1340  7  -16
1336  6  -19
1340  5  -22
1324  4  -26
1336  3  -29
1340  2  -32
1340  1  -35
1304  0  -39
1296  -2  -42
1312  -3  -45
1328  -4  -49
1320  -5  -52
1320  -7  -55
1312  -8  -58
1312  -9  -61
1368  -11  -64
1420  -12  -67
1428  -13  -70
1440  -15  -73
1432  -16  -75
1440  -17  -78
1432  -18  -81
1432  -19  -84
1448  -20  -86
1440  -21  -89
1444  -21  -91
1436  -22  -93
1436  -23  -94
1436  -23  -96
1436  -24  -97
1440  -24  -98
1432  -24  -99
1436  -24  -100
1496  -24  -101
1500  -24  -102
1516  -23  -103
1504  -23  -103
1508  -22  -103
1500  -21  -103
1508  -21  -102
1496  -20  -102
1508  -18  -101
1496  -17  -100
1500  -16  -100
1492  -14  -99
1432  -13  -98
1380  -12  -98
1384  -11  -96
1396  -9  -95
1332  -8  -94
1312  -7  -93
1316  -6  -92
1364  -5  -92
1360  -3  -91
1344  -2  -91
1380  -1  -90
1360  1  -90
1352  2  -89
1356  3  -88
1348  4  -87
1340  4  -87
1344  5  -86
1340  5  -85
1336  6  -85
1340  6  -84
1344  6  -84
1340  7  -83
1332  7  -83
1356  7  -83
1336  8  -83
1328  8  -83
1344  8  -83
1344  8  -83
1336  8  -83
1344  8  -84
1336  8  -84
1344  8  -85
1348  8  -86
1348  8  -87
1340  8  -89
1344  8  -90
1352  8  -91
1340  8  -92
1344  8  -94
1352  7  -95
1340  7  -96
1336  7  -97
1356  6  -99
1340  6  -100
1408  5  -102
1420  5  -104
1408  5  -106
1412  4  -108
1412  4  -110
1412  3  -112
1416  2  -114
1416  1  -116
1412  1  -118
1404  0  -121
1412  -1  -123
1436  -1  -126
1436  -2  -129
1432  -3  -132
1440  -4  -135
1432  -5  -138
1432  -6  -140
1428  -7  -143
1428  -8  -146
1436  -9  -149
1420  -10  -152
1488  -12  -155
1440  -13  -158
1456  -14  -161
1472  -15  -164
1464  -17  -167
1468  -18  -169
1440  -20  -172
1508  -21  -174
1488  -22  -176
1500  -24  -178
1504  -25  -180
1500  -26  -182
1508  -28  -184
1500  -29  -187
1508  -30  -189
1500  -30  -190
1516  -31  -192
1504  -32  -194
1516  -32  -195
1504  -33  -196
1504  -33  -197
1496  -33  -198
1504  -33  -198
1500  -34  -198
1508  -34  -199
1496  -33  -199
1492  -33  -199
1516  -32  -198
1500  -32  -198
1516  -31  -197
1492  -30  -197
1512  -29  -196
1500  -28  -195
1508  -27  -194
1496  -26  -193
1504  -25  -192
1496  -24  -191
1496  -22  -189
1444  -21  -188
1456  -20  -187
1480  -19  -185
1448  -17  -183
1472  -16  -182
1440  -15  -180
1504  -14  -179
1492  -13  -177
1504  -12  -176
1496  -11  -174
1488  -10  -172
1504  -9  -170
1440  -8  -169
1440  -7  -168
1436  -6  -167
1436  -6  -166
1436  -5  -165
1432  -5  -164
1452  -4  -163
1436  -4  -162
1448  -4  -161
1440  -3  -160
1440  -3  -159
1440  -3  -159
1436  -3  -159
1440  -3  -159
1440  -3  -158
1432  -3  -158
1448  -3  -159
1432  -3  -159
1444  -3  -159
1432  -3  -159
1432  -3  -159
1448  -4  -160
1440  -4  -161
1448  -4  -162
1432  -4  -163
1432  -5  -163
1440  -5  -164
1436  -5  -165
1436  -6  -166
1428  -7  -167
1428  -7  -169
1440  -8  -170
1428  -9  -171
1432  -9  -173
1428  -10  -174
1484  -10  -176
1496  -11  -178
1492  -12  -179
1496  -13  -181
1492  -14  -182
1444  -15  -184
1460  -16  -186
1464  -17  -187
1464  -18  -189
1444  -19  -190
1476  -20  -191
1448  -21  -193
1452  -22  -194
1496  -23  -195
1500  -24  -196
1496  -25  -197
1504  -26  -198
1496  -27  -199
1496  -28  -199
1500  -29  -200
1488  -29  -200
1504  -30  -201
1492  -30  -201
1500  -30  -202
1492  -30  -202
1496  -30  -202
1492  -30  -202
1504  -30  -201
1492  -30  -201
1500  -30  -201
1488  -30  -201
1496  -29  -200
1500  -29  -199
1504  -28  -198
1504  -28  -197
1500  -27  -196
1500  -27  -194
1496  -26  -193
1500  -26  -191
1500  -25  -190
1504  -24  -188
1492  -23  -186
1500  -22  -184
1444  -21  -182
1444  -21  -180
1464  -20  -178
1468  -19  -175
1476  -18  -174
1480  -17  -172
1468  -16  -170
1456  -15  -168
1444  -14  -166
1504  -13  -165
1492  -12  -163
1500  -11  -161
1496  -10  -159
1500  -9  -158
1432  -8  -156
1436  -8  -155
1436  -7  -153
1436  -6  -151
1440  -6  -150
1428  -6  -149
1436  -5  -147
1428  -5  -146
1428  -5  -145
1440  -5  -144
1432  -5  -143
1440  -5  -142
1424  -5  -142
1428  -5  -142
1440  -5  -141
1424  -5  -141
1436  -5  -141
1424  -5  -141
1428  -6  -141
1432  -6  -141
1424  -7  -142
1428  -8  -142
1432  -8  -142
1420  -9  -142
1428  -9  -143
1420  -10  -143
1428  -11  -143
1456  -12  -144
1456  -13  -144
1468  -13  -145
1444  -14  -145
1476  -15  -145
1448  -16  -145
1452  -17  -146
1500  -18  -146
1500  -19  -147
1500  -19  -147
1492  -20  -147
1504  -21  -147
1496  -22  -147
1496  -22  -147
1496  -23  -147
1504  -23  -147
1496  -23  -147
1500  -23  -147
1496  -24  -147
1500  -24  -146
1500  -24  -146
1496  -24  -145
1504  -24  -144
1500  -24  -143
1504  -24  -142
1500  -24  -141
1512  -23  -140
1496  -23  -138
1504  -23  -137
1500  -22  -136
1508  -22  -134
1500  -21  -132
1508  -21  -130
1500  -21  -128
1500  -20  -126
1504  -20  -123
1492  -19  -121
1496  -19  -119
1496  -18  -116
1504  -17  -114
1496  -16  -111
1500  -15  -109
1496  -15  -106
1496  -14  -104
1440  -13  -101
1452  -12  -98
1396  -11  -96
1396  -10  -93
1420  -9  -91
1324  -8  -89
1320  -7  -86
1312  -6  -84
1316  -6  -82
1312  -5  -80
1360  -4  -78
1360  -4  -75
1356  -3  -73
1360  -2  -71
1360  -2  -69
1364  -1  -67
1360  -1  -65
1344  0  -63
1332  0  -62
1340  1  -60
1328  1  -59
1340  2  -57
1344  2  -56
1328  2  -54
1348  2  -53
1324  2  -52
1332  2  -51
1336  2  -50
1336  2  -49
1328  1  -49
1344  1  -48
1336  1  -47
1332  1  -47
1320  0  -46
1320  0  -46
1312  0  -46
1332  -1  -45
1356  -1  -45
1300  -2  -45
1308  -2  -45
1316  -3  -45
1336  -4  -45
1324  -5  -45
1316  -6  -45
1316  -6  -45
1312  -7  -45
1360  -8  -45
1364  -9  -45
1356  -10  -45
1416  -11  -45
1440  -12  -44
1420  -12  -44
1428  -13  -44
1436  -14  -43
1424  -14  -43
1440  -15  -43
1432  -15  -43
1440  -16  -42
1440  -16  -42
1440  -16  -41
1448  -17  -40
1432  -17  -39
1432  -17  -37
1436  -17  -36
1436  -17  -34
1440  -17  -32
1436  -17  -31
1440  -17  -28
1436  -16  -26
1428  -16  -24
1440  -16  -21
1436  -15  -18
1444  -14  -15
1440  -14  -12
1440  -13  -9
1384  -12  -6
1372  -11  -3
1340  -10  0
1360  -8  3
1272  -7  6
1268  -6  9
1264  -4  12
1344  -3  15
1328  -2  18
1268  0  22
1276  1  25
1288  2  29
1276  3  32
1280  4  36
1264  6  39
1272  7  42
1304  8  45
1312  10  49
1384  11  52
1384  12  56
1368  13  59
1392  14  62
1384  15  66
1380  16  69
1400  17  72
1388  18  75
1372  18  78
1400  19  81
1392  20  84
1400  21  87
1388  21  89
1396  22  92
1392  22  94
1388  22  97
1380  22  99
1404  23  101
1448  23  103
1452  23  105
1460  23  107
1456  23  109
1464  23  110
1456  24  112
1464  24  113
1456  24  114
1456  23  116
1460  23  117
1448  23  118
1456  23  118
1452  22  119
1452  22  119
1448  22  120
1448  21  120
1452  21  120
1448  20  120
1452  20  120
1440  19  120
1448  18  120
1448  17  120
1432  16  120
1404  15  120
1396  14  120
1412  13  119
1404  12  119
1412  11  119
1408  10  119
1396  9  119
1380  8  119
1372  7  119
1380  6  119
1372  5  119
1376  5  119
1388  4  120
1376  3  120
1380  3  120
1388  2  120
1372  2  120
1384  2  120
1396  1  121
1376  1  121
1400  1  122
1368  0  123
1376  0  125
1380  0  126
1376  0  127
1372  0  129
1392  0  131
1364  0  133
1376  0  134
1368  0  137
1400  1  139
1400  1  141
1392  2  143
1392  2  146
1396  3  149
1388  4  151
1372  5  154
1396  6  157
1384  7  159
1376  8  162
1384  9  165
1376  10  168
1452  12  171
1440  13  175
1432  14  178
1408  15  182
1404  16  186
1412  17  189
1432  19  193
1416  20  196
1420  21  200
1400  22  203
1400  23  206
1460  25  209
1440  26  213
1456  27  216
1448  28  219
1444  29  222
1456  30  225
1440  30  228
1460  31  230
1456  32  233
1456  33  235
1452  34  238
1448  34  240
1460  35  242
1460  36  243
1464  36  245
1456  37  246
1452  37  248
1460  38  249
1452  38  251
1456  38  252
1456  37  254
1464  37  255
1460  37  256
1460  37  257
1460  36  257
1452  36  257
1456  36  257
1452  35  257
1448  35  257
1456  34  257
1444  34  257
1452  32  257
1448  31  257
1452  31  257
1448  30  256
1440  29  256
1400  28  255
1404  27  255
1420  26  254
1420  25  254
1408  23  253
1404  22  253
1440  21  253
1448  19  253
1448  17  253
1448  16  253
1456  14  253
1456  13  253
1460  12  253
1448  12  253
1452  11  253
1448  11  253
1456  10  253
1460  10  254
1448  10  254
1468  9  255
1392  9  256
1396  9  257
1396  9  258
1396  9  259
1388  9  260
1400  10  262
1452  10  263
1468  11  265
1460  11  267
1460  12  270
1464  12  272
1456  13  275
1464  14  278
1452  14  281
1464  15  285
1460  16  288
1456  18  292
1464  19  295
1456  21  298
1460  22  302
1456  24  305
1452  25  309
1448  27  312
1392  29  316
1428  31  320
1420  32  323
1412  34  327
1416  35  330
1452  37  333
1460  39  337
1452  41  340
1464  42  343
1452  44  347
1460  45  350
1468  47  353
1464  48  356
1464  49  359
1460  50  361
1468  51  364
1460  52  366
1460  53  369
1468  53  371
1460  54  374
1464  54  376
1460  55  378
1464  55  380
1464  56  381
1456  56  383
1464  56  384
1460  57  385
1468  57  386
1448  57  387
1460  57  388
1444  57  388
1456  57  389
1456  57  389
1456  56  389
1468  56  390
1452  56  390
1464  55  389
1460  55  389
1456  54  389
1460  54  389
1460  53  388
1460  52  388
1452  52  387
1464  51  386
1472  50  384
1456  50  383
1468  49  382
1456  48  380
1464  47  379
1456  46  377
1456  45  375
1460  44  373
1456  43  372
1460  42  369
1448  40  367
1396  39  365
1416  38  363
1412  37  361
1432  35  360
1404  33  358
1404  32  356
1468  30  355
1448  28  354
1460  26  354
1460  24  353
1472  22  352
1452  21  351
1468  19  350
1464  19  349
1464  18  348
1464  18  346
1456  17  346
1472  17  345
1460  16  345
1452  16  345
1464  16  345
1456  16  345
1460  16  345
1456  16  345
1472  17  346
1452  18  346
1460  19  347
1468  19  349
1460  20  351
1460  20  353
1456  21  355
1456  22  358
1468  23  360
1464  24  363
1460  26  365
1448  27  368
1464  28  370
1448  30  373
1448  32  375
1456  33  378
1400  35  381
1420  36  384
1416  38  387
1404  40  390
1460  42  392
1444  43  394
1460  45  397
1452  47  399
1448  49  401
1468  51  403
1460  52  405
1464  54  407
1460  55  409
1464  57  411
1460  58  413
1464  59  415
1468  59  417
1452  59  419
1468  60  421
1452  60  423
1468  61  424
1460  62  425
1452  62  426
1464  63  426
1456  63  427
1460  64  427
1460  64  428
1456  64  428
1456  64  428
1448  64  428
1468  63  428
1452  63  428
1456  63  428
1460  63  427
1456  63  427
1460  63  426
1456  63  426
1464  62  425
1460  62  424
1464  61  423
1456  61  422
1464  60  421
1452  60  419
1464  59  417
1464  59  415
1464  58  413
1468  58  411
1464  57  409
1464  56  407
1460  55  405
1460  55  403
1464  54  401
1460  53  398
1472  52  396
1464  51  393
1468  50  390
1460  49  388
1456  48  385
1460  46  382
1456  45  379
1460  44  376
1452  43  372
1452  41  369
1452  40  366
1448  39  362
1408  37  359
1428  35  356
1420  34  353
1416  32  350
1460  30  348
1456  27  346
1460  25  344
1464  23  342
1460  21  340
1460  19  338
1468  18  336
1460  17  334
1472  16  331
1460  16  329
1468  15  327
1460  15  325
1460  14  323
1472  14  322
1456  13  321
1464  13  320
1460  13  319
1472  14  318
1452  14  318
1460  15  318
1460  15  318
1460  16  318
1468  17  319
1456  18  320
1468  19  321
1464  20  322
1460  21  324
1460  22  326
1448  23  327
1460  25  329
1448  26  330
1444  28  332
1400  30  333
1416  32  335
1424  33  336
1416  35  337
1448  37  339
1460  39  340
1460  40  341
1464  42  342
1456  44  344
1464  45  345
1456  47  345
1464  49  346
1472  50  347
1456  51  347
1464  53  348
1452  53  349
1468  54  350
1456  54  351
1452  54  352
1468  55  353
1452  55  353
1460  55  353
1456  56  353
1464  56  352
1452  57  352
1464  57  351
1460  57  351
1460  57  350
1472  57  349
1448  57  349
1472  57  347
1460  57  346
1460  57  345
1464  57  343
1460  57  342
1468  57  340
1460  57  338
1472  56  337
1460  56  335
1460  55  333
1464  55  331
1460  55  329
1472  54  326
1460  54  324
1468  53  321
1456  53  318
1464  52  316
1472  51  313
1460  50  310
1468  49  307
1456  49  305
1472  48  301
1464  47  298
1464  46  295
1468  45  291
1468  44  287
1468  43  284
1460  42  280
1464  41  276
1456  40  273
1464  38  268
1468  37  265
1456  36  260
1464  34  256
1452  33  252
1456  31  248
1448  30  244
1444  28  239
1448  27  235
1396  25  231
1424  23  227
1412  21  223
1400  19  219
1464  17  216
1448  15  213
1460  12  210
1456  10  207
1456  8  204
1408  7  201
1388  5  197
1392  4  194
1396  4  190
1392  3  187
1396  2  184
1392  1  181
1392  1  179
1384  0  177
1396  -1  175
1408  -1  173
1424  -1  171
1420  -1  169
1424  -1  168
1416  -1  166
1416  -1  165
1404  0  164
1368  0  164
1388  1  164
1400  1  164
1388  2  165
1376  2  165
1396  3  165
1384  5  166
1372  6  166
1388  7  167
1376  9  167
1384  11  168
1440  12  168
1396  14  169
1416  15  170
1408  17  171
