5428  0  0
1168  1  0
1192  1  0
1192  1  0
1192  1  0
1200  1  0
1192  1  0
1188  1  0
1196  1  0
1192  1  0
1192  1  0
1196  1  0
1196  1  0
1188  1  0
1196  1  0
1192  1  0
1188  1  0
1220  1  -1
1220  1  -1
1224  1  -1
1228  1  -1
1224  1  -1
1236  1  -1
1224  1  -1
1224  1  -1
1224  1  -1
1228  1  -1
1240  1  -2
1228  1  -2
1232  1  -2
1228  1  -2
1232  1  -2
1236  1  -2
1232  1  -3
1224  1  -3
1232  1  -3
1228  1  -3
1236  1  -3
1224  1  -4
1228  1  -4
1224  1  -4
1224  1  -4
1220  0  -4
1220  0  -5
1216  0  -5
1216  0  -5
1220  0  -5
1220  0  -5
1224  0  -6
1220  0  -6
1224  0  -6
1236  -1  -6
1256  -1  -7
1248  -1  -7
1252  -1  -7
1252  -1  -7
1252  -1  -8
1256  -1  -8
1248  -1  -8
1252  -1  -8
1248  -1  -8
1264  -1  -9
1260  -1  -9
1256  -1  -9
1260  -1  -9
1264  -1  -10
1332  -1  -10
1328  -1  -10
1328  -1  -10
1328  -2  -10
1324  -2  -10
1320  -2  -10
1332  -2  -11
1324  -2  -11
1324  -2  -11
1328  -2  -11
1328  -2  -11
1324  -2  -11
1328  -2  -11
1328  -2  -11
1324  -2  -11
1328  -2  -11
1328  -2  -11
1324  -2  -11
1328  -2  -11
1320  -2  -11
1332  -2  -11
1324  -2  -11
1324  -2  -11
1332  -2  -11
1324  -2  -11
1324  -2  -11
1324  -2  -11
1332  -2  -11
1328  -1  -11
1324  -1  -11
1336  -1  -11
1324  -1  -11
1324  -1  -11
1332  -1  -11
1324  -1  -11
1328  -1  -11
1324  -1  -11
1332  -1  -11
1328  -1  -11
1324  -1  -11
1336  -1  -11
1324  -1  -11
1324  -1  -11
1324  -1  -11
1332  -1  -11
1328  -1  -11
1324  -1  -11
1332  -1  -11
1324  -1  -11
1328  -1  -11
1332  -1  -11
1328  -1  -11
1324  -1  -11
1316  -1  -12
1316  -1  -12
1312  -1  -12
1312  -1  -12
1320  -1  -12
1308  -1  -12
1316  -1  -12
1308  -1  -12
1320  -1  -12
1312  -1  -12
1312  -1  -12
1316  -1  -12
1316  -1  -12
1312  -1  -12
1308  -1  -12
1320  -1  -12
1312  -1  -12
1312  -1  -12
1320  -1  -12
1312  -1  -12
1308  -1  -12
1312  -1  -12
1320  -1  -12
1316  -1  -12
1308  -1  -12
1320  -1  -12
1312  -1  -12
1308  -1  -12
1316  -1  -12
1316  -1  -12
1312  -1  -12
1312  -1  -12
1320  -1  -12
1308  -1  -12
1316  -1  -12
1312  -1  -12
1320  -1  -12
1308  -1  -12
1312  -1  -12
1312  -1  -12
1320  -1  -12
1312  -1  -12
1308  -1  -12
1320  -1  -12
1308  0  -12
1288  0  -12
1280  0  -12
1288  0  -12
1284  0  -13
1280  0  -13
1280  0  -13
1284  0  -13
1280  0  -13
1280  0  -13
1280  0  -13
1284  0  -13
1280  0  -13
1284  1  -13
1288  1  -14
1292  1  -14
1292  1  -14
1284  1  -14
1288  1  -15
1292  1  -15
1284  1  -15
1288  1  -16
1284  1  -16
1288  1  -16
1288  1  -16
1284  1  -17
1292  1  -17
1284  1  -18
1284  1  -18
1284  1  -19
1292  1  -19
1284  1  -20
1284  1  -21
1284  1  -21
1296  1  -22
1280  1  -22
1332  1  -23
1324  1  -24
1280  0  -25
1272  0  -25
1272  0  -26
1276  0  -27
1276  0  -28
1272  0  -29
1292  -1  -30
1304  -1  -30
1320  -1  -31
1328  -2  -32
1324  -2  -33
1324  -2  -34
1328  -3  -35
1328  -3  -36
1324  -3  -37
1320  -4  -38
1328  -4  -39
1340  -4  -40
1336  -5  -41
1324  -5  -42
1328  -5  -43
1324  -6  -43
1320  -6  -44
1316  -6  -45
1312  -6  -46
1328  -7  -47
1308  -7  -48
1312  -7  -49
1308  -7  -49
1316  -8  -50
1308  -8  -51
1308  -8  -51
1312  -8  -52
1308  -8  -52
1308  -8  -52
1316  -8  -53
1304  -8  -53
1316  -8  -54
1304  -8  -54
1316  -8  -54
1316  -8  -55
1304  -8  -55
1308  -8  -55
1316  -8  -55
1312  -8  -55
1304  -8  -55
1316  -8  -55
1308  -8  -55
1312  -8  -55
1308  -7  -55
1320  -7  -55
1320  -6  -55
1320  -6  -55
1336  -5  -55
1320  -5  -55
1324  -5  -55
1324  -5  -55
1320  -4  -55
1316  -4  -55
1320  -4  -54
1324  -4  -54
1316  -4  -54
1316  -3  -54
1308  -3  -54
1320  -3  -54
1308  -3  -54
1312  -3  -54
1316  -3  -54
1312  -3  -54
1308  -3  -54
1312  -3  -54
1320  -3  -54
1308  -3  -54
1316  -3  -55
1316  -3  -55
1308  -3  -55
1304  -3  -55
1316  -3  -56
1316  -3  -56
1304  -3  -56
1316  -3  -57
1312  -3  -57
1308  -3  -57
1308  -3  -58
1316  -4  -58
1320  -4  -59
1316  -4  -59
1312  -4  -59
1320  -4  -59
1312  -4  -60
1324  -5  -60
1320  -5  -61
1324  -5  -61
1316  -5  -62
1316  -5  -62
1320  -5  -62
1320  -6  -63
1312  -6  -63
1320  -6  -64
1324  -6  -64
1316  -6  -64
1328  -7  -65
1332  -7  -65
1328  -7  -66
1320  -7  -66
1320  -7  -66
1332  -7  -67
1320  -7  -67
1312  -8  -67
1320  -8  -67
1328  -8  -68
1320  -8  -68
1312  -8  -68
1332  -8  -68
1316  -8  -68
1320  -8  -68
1324  -8  -68
1320  -8  -68
1320  -8  -68
1324  -8  -68
1320  -8  -68
1320  -8  -68
1316  -8  -68
1328  -8  -68
1316  -8  -68
1320  -8  -68
1328  -8  -68
1316  -8  -68
1320  -8  -68
1320  -8  -68
1328  -8  -68
1320  -8  -68
1316  -8  -68
1328  -8  -67
1308  -8  -67
1316  -8  -67
1316  -8  -67
1320  -8  -67
1316  -8  -67
1312  -8  -67
1324  -8  -66
1324  -7  -66
1324  -7  -66
1320  -7  -66
1328  -7  -66
1320  -7  -66
1320  -7  -66
1328  -7  -66
1324  -7  -66
1320  -7  -66
1328  -7  -66
1320  -7  -66
1320  -7  -66
1320  -7  -66
1324  -8  -66
1312  -8  -66
1316  -8  -66
1320  -8  -66
1308  -8  -66
1316  -8  -65
1316  -8  -65
1316  -8  -65
1312  -9  -65
1312  -9  -65
1316  -9  -65
1308  -9  -65
1312  -9  -65
1308  -9  -65
1320  -9  -65
1316  -9  -64
1304  -9  -64
1312  -9  -64
1312  -9  -64
1312  -9  -64
1308  -9  -64
1316  -9  -64
1312  -9  -63
1308  -9  -63
1304  -9  -63
1316  -9  -63
1312  -9  -62
1308  -9  -62
1316  -9  -62
1308  -9  -61
1308  -9  -61
1308  -9  -61
1320  -9  -60
1304  -9  -60
1312  -9  -59
1316  -9  -59
1360  -9  -58
1352  -9  -57
1340  -9  -57
1368  -9  -56
1304  -8  -56
1316  -8  -55
1320  -8  -54
1304  -8  -54
1312  -8  -53
1308  -8  -53
1324  -7  -52
1316  -7  -51
1316  -7  -51
1316  -7  -50
1312  -7  -49
1304  -7  -49
1328  -6  -48
1324  -6  -47
1316  -6  -47
1316  -6  -46
1332  -5  -46
1328  -5  -45
1328  -5  -44
1336  -5  -43
1320  -5  -43
1328  -5  -42
1324  -5  -42
1332  -5  -41
1324  -5  -40
1320  -5  -40
1324  -5  -39
1316  -5  -39
1316  -4  -38
1308  -4  -38
1320  -4  -38
1328  -4  -37
1320  -4  -37
1332  -4  -37
1320  -4  -37
1332  -4  -36
1336  -4  -36
1328  -4  -36
1316  -5  -35
1316  -5  -35
1320  -5  -35
1308  -5  -35
1324  -5  -34
1316  -6  -34
1312  -6  -34
1308  -6  -34
1312  -6  -33
1364  -7  -33
1352  -7  -32
1344  -7  -32
1364  -7  -32
1356  -8  -31
1344  -8  -31
1368  -8  -30
1352  -8  -30
1344  -8  -30
1372  -8  -29
1352  -8  -29
1356  -8  -28
1360  -8  -28
1356  -8  -27
1360  -8  -26
1360  -8  -26
1360  -8  -25
1356  -8  -24
1368  -8  -23
1356  -8  -23
1360  -8  -22
1368  -8  -21
1360  -7  -20
1356  -7  -18
1364  -7  -17
1360  -7  -16
1360  -7  -15
1368  -6  -14
1352  -6  -12
1356  -6  -11
1360  -5  -10
1364  -5  -8
1296  -4  -7
1276  -4  -6
1296  -4  -5
1248  -3  -4
1248  -3  -2
1256  -2  -1
1232  -2  0
1244  -1  1
1232  -1  3
1212  0  4
1196  0  5
1220  1  6
1212  1  7
1208  2  8
1200  2  9
1200  3  10
1260  3  12
1276  3  13
1264  4  14
1264  4  15
1312  5  16
1308  5  17
1300  5  17
1308  6  18
1308  6  19
1312  6  19
1304  7  20
1304  7  20
1312  7  21
1304  7  21
1300  7  21
1304  7  21
1312  7  22
1304  7  22
1300  7  22
1300  7  22
1316  7  21
1304  7  21
1300  7  21
1308  7  21
1304  6  21
1308  6  20
1304  6  20
1272  5  19
1260  5  19
1264  5  18
1268  4  17
1272  4  17
1276  3  16
1264  3  15
1280  2  15
1284  2  14
1276  2  13
1268  1  12
1288  1  11
1268  0  10
1256  0  10
1268  0  9
1212  -1  8
1224  -1  7
1232  -2  6
1220  -2  6
1264  -3  5
1260  -3  5
1276  -4  4
1264  -4  4
1268  -5  3
1268  -5  3
1272  -6  2
1276  -6  2
1268  -6  2
1272  -6  1
1276  -6  1
1276  -6  1
1272  -6  1
1268  -7  1
1268  -7  1
1272  -7  1
1264  -7  1
1268  -7  1
1272  -6  1
1280  -6  1
1272  -6  1
1272  -6  1
1268  -5  2
1272  -5  2
1264  -5  3
1264  -5  3
1268  -4  4
1280  -4  5
1264  -4  5
1268  -4  6
1264  -3  7
1264  -3  8
1224  -2  9
1220  -2  9
1220  -2  10
1284  -1  11
1296  -1  12
1280  0  12
1264  0  13
1276  1  14
1280  1  14
1280  1  15
1284  2  16
1276  2  16
1284  3  17
1268  3  17
1272  3  18
1272  4  19
1268  4  19
1268  4  20
1260  4  20
1268  4  21
1264  4  21
1272  4  21
1264  4  22
1268  4  22
1264  4  22
1280  4  23
1264  4  23
1264  4  23
1264  4  23
1276  4  23
1264  4  23
1268  4  23
1264  4  23
1276  4  23
1272  3  23
1272  3  23
1284  3  22
1280  3  22
1272  2  22
1268  2  22
1268  2  22
1276  2  22
1276  1  21
1272  1  21
1268  1  21
1268  1  21
1256  0  21
1256  0  20
1252  0  20
1244  0  20
1276  -1  20
1272  -1  20
1288  -1  20
1284  -1  20
1336  -2  20
1328  -2  20
1332  -2  20
1332  -2  20
1332  -2  20
1324  -2  20
1332  -2  20
1332  -2  20
1332  -2  20
1328  -2  20
1336  -2  21
1328  -2  21
1328  -2  21
1336  -2  22
1328  -2  22
1332  -2  22
1328  -2  23
1336  -2  23
1328  -1  24
1328  -1  24
1332  -1  25
1332  -1  26
1324  -1  26
1336  -1  27
1272  0  27
1256  0  28
1240  0  29
1248  0  29
1264  0  30
1264  1  31
1264  1  31
1268  1  32
1268  1  33
1276  2  33
1268  2  34
1272  2  34
1276  2  35
1280  3  35
1272  3  36
1276  3  36
1284  3  37
1276  3  37
1280  3  38
1276  4  39
1280  4  39
1296  4  40
1284  4  40
1296  4  41
1292  4  41
1288  4  41
1268  4  42
1268  4  42
1272  4  42
1268  4  42
1268  4  42
1264  4  43
1272  4  43
1264  4  43
1260  4  43
1276  3  43
1272  3  43
1272  3  43
1268  3  43
1272  3  43
1260  2  43
1268  2  43
1268  2  44
1264  2  44
1304  1  44
1312  1  44
1300  1  44
1288  0  44
1296  0  44
1296  0  45
1292  0  45
1292  0  45
1320  -1  45
1324  -1  45
1340  -1  45
1344  -1  46
1324  -1  46
1332  -1  46
1336  -1  47
1340  -1  47
1336  -1  47
1332  -1  48
1352  -1  49
1324  -1  49
1340  -1  50
1356  -1  51
1304  0  51
1304  0  52
1292  0  53
1304  0  54
1296  0  55
1308  1  56
1316  1  57
1304  1  58
1308  2  59
1304  2  60
1268  3  61
1264  3  62
1264  3  63
1268  4  64
1276  4  65
1264  4  66
1268  5  67
1272  5  68
1276  6  69
1288  6  70
1276  6  71
1276  7  72
1264  7  73
1292  8  74
1280  8  75
1280  8  76
1272  9  77
1284  9  78
1276  9  79
1272  9  80
1276  9  81
1280  10  82
1320  10  82
1340  10  83
1344  10  84
1336  10  84
1332  10  85
1336  10  85
1336  10  86
1332  10  86
1336  10  87
1340  10  87
1344  10  88
1336  10  88
1348  10  88
1340  10  88
1336  10  88
1348  10  88
1336  10  88
1340  10  88
1348  9  88
1276  9  88
1276  9  88
1268  9  88
1288  8  88
1276  8  88
1276  8  88
1280  8  88
1280  8  88
1280  8  88
1280  8  87
1276  8  87
1284  8  87
1276  8  87
1280  8  87
1280  8  86
1280  8  86
1272  8  86
1272  8  86
1280  8  85
1272  8  85
1280  8  85
1264  8  84
1264  8  84
1260  8  84
1280  8  83
1264  8  83
1264  8  83
1272  7  83
1280  7  83
1272  7  82
1268  7  82
1264  7  82
1276  7  82
1272  7  82
1264  7  82
1268  7  82
1284  7  81
1272  7  81
1272  7  81
1268  7  81
1292  7  80
1272  7  80
1276  7  80
1272  7  80
1284  7  80
1276  7  79
1268  7  79
1272  7  79
1276  7  79
1272  7  79
1280  7  78
1276  7  78
1284  7  78
1276  7  78
1276  7  78
1272  7  78
1284  7  78
1276  7  78
1276  7  78
1276  7  78
1280  7  77
1284  7  77
1276  7  77
1276  7  77
1272  7  77
1284  7  77
1276  7  76
1272  7  76
1272  7  76
1276  7  76
1276  7  76
1272  7  76
1268  7  76
1280  7  76
1272  7  76
1272  7  76
1272  7  76
1280  7  76
1272  7  75
1268  7  75
1268  7  75
1276  7  75
1280  8  75
1280  8  75
1276  8  75
1284  8  74
1276  8  74
1280  8  74
1276  8  74
1280  8  73
1268  8  73
1268  8  73
1268  8  73
1280  8  73
1264  8  73
1272  8  73
1268  8  73
1292  8  72
1272  8  72
1276  8  72
1276  8  72
1284  8  71
1268  8  71
1268  8  71
1272  8  71
1276  8  70
1276  7  70
1272  7  70
1268  7  69
1260  7  69
1272  7  69
1272  7  68
1268  7  68
1268  7  68
1276  7  68
1276  7  67
1268  7  67
1280  6  67
1284  6  66
1276  6  66
1276  6  66
1284  6  65
1288  6  65
1280  6  65
1276  6  65
1276  6  64
1280  5  64
1276  5  63
1268  5  63
1272  5  63
1280  5  62
1268  5  62
1268  5  62
1264  5  62
1276  5  62
1272  5  61
1272  5  61
1268  5  61
1276  5  61
1280  5  60
1272  5  60
1272  5  60
1284  5  60
1268  4  60
1268  4  59
1268  4  59
1272  4  59
1268  4  59
1264  4  59
1264  4  59
1264  4  59
1276  4  59
1264  4  59
1268  4  59
1264  4  59
1272  4  59
1280  5  59
1276  5  59
1276  5  59
1288  5  59
1276  5  59
1276  5  59
1280  5  59
1284  5  59
1268  6  59
1260  6  59
1264  6  59
1272  6  59
1264  6  59
1264  6  59
1264  6  59
1272  6  59
1260  6  59
1264  6  59
1264  6  59
1264  6  59
1272  6  59
1260  6  59
1264  6  59
1264  6  59
1272  6  59
1264  6  59
1264  6  59
1260  6  59
1272  6  59
1264  6  59
1264  6  59
1264  6  59
1276  6  58
1260  6  58
1268  6  58
1264  6  58
1260  6  58
1272  6  58
1264  6  58
1264  6  58
1264  6  58
1272  6  58
1272  6  57
1268  6  57
1268  6  57
1276  6  57
1268  6  57
1272  6  57
1268  6  57
1288  6  56
1272  6  56
1276  6  56
1272  6  56
1284  6  56
1268  6  56
1276  6  55
1272  6  55
1280  6  55
1268  6  55
1272  6  55
1280  5  55
1284  5  54
1268  5  54
1276  5  54
1272  5  54
1280  5  54
1272  5  54
1272  5  54
1268  5  53
1268  5  53
1272  5  53
1268  5  53
1264  5  53
1264  5  53
1280  5  52
1264  5  52
1272  4  52
1268  4  52
1276  4  52
1272  4  52
1264  4  52
1268  4  52
1284  4  51
1268  4  51
1272  4  51
1268  4  51
1280  4  51
1268  4  51
1272  4  51
1268  4  51
1276  4  51
1272  4  51
1268  4  51
1272  4  51
1280  4  51
1268  4  51
1272  4  51
1268  4  51
1272  4  51
1272  4  51
1272  4  51
1268  4  51
1272  4  51
1280  4  51
1268  4  51
1272  4  51
1268  4  51
1276  4  51
1272  4  51
1268  4  51
1272  4  51
1276  4  51
1272  4  51
1272  4  51
1268  4  51
1276  4  51
1268  4  51
1272  4  51
1268  4  51
1280  4  51
1272  4  51
1268  4  51
1272  4  51
1276  4  51
1268  4  51
1272  4  51
1268  4  51
1280  4  51
1268  4  51
1268  4  51
1272  4  51
1268  4  51
1280  4  51
1268  4  51
1272  4  51
1268  4  51
1276  4  51
1272  4  51
1268  4  51
1272  4  51
1280  4  51
1268  4  51
1272  4  51
1268  4  51
1276  4  51
1268  4  51
1272  4  51
1268  4  51
1280  4  51
1272  4  51
1268  4  51
1272  4  51
1276  4  51
1268  4  51
1272  4  51
1268  4  51
1280  4  51
1268  4  51
1272  4  51
1268  4  51
1272  4  51
1276  4  51
1268  4  51
1272  4  51
1268  4  51
1280  4  51
1268  4  51
1272  4  51
1272  4  51
1276  4  51
1264  3  51
1260  3  51
1264  3  51
1268  3  51
1264  3  51
1260  3  51
1260  3  51
1268  3  51
1264  3  51
1260  3  51
1260  3  51
1264  3  51
1268  3  51
1264  3  51
1260  3  51
1264  3  52
1272  3  52
1260  3  52
1260  3  52
1260  3  52
1268  3  52
1260  3  52
1264  3  52
1264  3  52
1264  3  52
1264  3  53
1260  3  53
1260  3  53
1260  3  53
1272  3  53
1264  3  54
1264  3  54
1264  3  54
1272  3  54
1260  3  54
1264  3  54
1264  3  55
1272  3  55
1260  3  55
1268  4  55
1268  4  55
1272  4  56
1264  4  56
1264  4  56
1264  4  56
1260  4  56
1272  4  56
1264  4  56
1264  4  56
1260  4  56
1276  4  57
1260  4  57
1264  4  57
1260  4  57
1268  4  57
1260  4  57
1268  4  57
1260  4  57
1268  4  57
1260  4  57
1272  4  58
1264  4  58
1268  4  58
1272  4  58
1260  3  58
1260  3  58
1256  3  58
1264  3  58
1260  3  58
1256  3  58
1260  3  58
1268  3  59
1260  3  59
1260  3  59
1260  3  59
1260  3  59
1264  3  59
1260  3  59
1268  3  60
1256  3  60
1268  3  60
1256  3  60
1264  3  61
1260  3  61
1264  3  61
1260  3  61
1260  3  61
1260  3  62
1260  3  62
1268  3  62
1264  3  63
1256  3  63
1304  3  64
1304  3  64
1304  3  65
1300  3  65
1316  3  66
1260  4  66
1264  4  67
1264  4  67
1260  4  68
1268  4  68
1268  5  68
1272  5  69
1264  5  69
1280  5  70
1264  5  70
1276  6  71
1268  6  71
1280  6  72
1268  6  72
1272  7  72
1268  7  73
1268  7  73
1264  7  73
1272  7  74
1268  7  74
1276  7  74
1272  7  75
1268  7  75
1276  7  76
1280  7  76
1268  7  76
1276  7  76
1272  7  76
1280  7  76
1268  7  76
1272  7  76
1272  7  76
1288  7  77
1272  7  77
1276  7  77
1264  6  77
1260  6  77
1272  6  77
1260  6  77
1260  6  77
1264  5  77
1264  5  77
1260  5  77
1260  5  77
1308  4  77
1304  4  77
1300  4  77
1300  4  77
1300  4  77
1316  3  77
1304  3  77
1308  3  77
1312  3  77
1304  3  78
1300  3  78
1300  3  78
1308  3  78
1300  3  78
1308  3  79
1300  3  79
1308  3  79
1312  3  80
1300  3  80
1316  3  81
1304  3  82
1304  4  82
1304  4  83
1316  4  84
1300  4  84
1312  4  85
1312  5  86
1296  5  86
1304  5  87
1268  6  88
1268  6  89
1260  6  89
1272  7  90
1264  7  91
1264  7  92
1280  8  92
1276  8  93
1276  8  94
1264  9  94
1280  9  95
1280  9  96
1276  10  96
1348  10  97
1344  10  98
1336  10  99
1332  10  99
1344  10  100
1400  11  101
1404  11  101
1416  11  102
1404  11  102
1420  11  103
1412  11  103
1408  11  103
1416  11  103
1408  11  104
1416  11  104
1404  11  104
1408  11  104
1412  11  104
1408  11  104
1396  10  104
1404  10  104
1392  10  104
1392  10  104
1416  9  104
1344  9  104
1336  9  104
1344  9  104
1328  8  104
1328  8  104
1332  8  104
1328  8  104
1324  7  104
1336  7  104
1324  7  104
1324  7  104
1380  6  104
1368  6  104
1368  6  104
1380  6  104
1368  6  104
1376  6  105
1376  6  105
1372  6  105
1372  6  105
1376  6  105
1376  6  105
1372  6  106
1380  6  106
1380  6  107
1372  6  107
1380  6  108
1368  6  108
1372  6  109
1380  6  110
1368  6  110
1376  7  111
1380  7  112
1372  7  113
1368  7  113
1340  8  114
1372  8  115
1368  8  116
1340  9  116
1332  9  117
1328  9  118
1344  10  119
1396  10  119
1404  10  120
1420  11  121
1412  11  122
1408  12  123
1408  12  123
1404  12  124
1420  13  125
1404  13  125
1412  13  126
1420  13  127
1408  13  128
1404  13  128
1416  13  129
1400  13  130
1416  14  130
1404  14  130
1404  14  131
1412  14  131
1400  14  131
1404  14  131
1408  14  131
1412  14  132
1412  14  132
1404  14  132
1420  13  132
1424  13  132
1416  13  132
1424  13  132
1408  12  132
1404  12  132
1408  12  132
1400  11  132
1396  11  132
1404  11  132
1396  10  132
1392  10  132
1400  10  132
1392  10  132
1452  9  132
1368  9  132
1364  9  132
1376  9  132
1364  9  132
1372  9  132
1372  9  132
1368  9  132
1364  9  132
1376  9  132
1364  9  132
1372  9  132
1376  9  133
1368  9  133
1376  9  134
1372  9  134
1376  9  135
1368  9  135
1384  9  136
1368  9  136
1380  9  137
1384  9  138
1372  9  138
1376  10  139
1444  10  140
1440  10  141
1440  10  141
1392  11  142
1396  11  143
1404  11  143
1400  12  144
1396  12  145
1412  12  146
1404  13  146
1412  13  147
1400  13  148
1416  14  149
1416  14  150
1400  15  150
1420  15  151
1432  15  152
1408  16  152
1420  16  153
1412  16  154
1400  16  154
1424  16  155
1412  16  155
1420  16  156
1412  16  156
1416  16  157
1416  16  157
1408  16  157
1420  16  158
1420  16  158
1412  16  158
1420  16  158
1412  16  158
1412  16  158
1420  16  158
1416  16  158
1420  16  158
1408  16  158
1416  15  158
1420  15  158
1412  15  158
1408  15  158
1404  14  158
1396  14  158
1404  14  158
1396  14  158
1396  13  158
1404  13  158
1392  13  158
1392  13  158
1452  12  158
1428  12  158
1440  12  158
1436  12  158
1432  12  158
1448  12  158
1424  12  158
1440  12  158
1436  12  158
1432  12  158
1448  12  158
1440  12  159
1440  12  159
1440  12  160
1432  12  160
1452  12  161
1432  12  161
1400  13  162
1396  13  162
1392  13  163
1400  13  163
1396  13  164
1396  14  164
1404  14  165
1392  14  165
1408  14  166
1404  15  166
1400  15  167
1408  15  167
1400  15  168
1408  16  168
1412  16  168
1412  16  169
1420  17  169
1408  17  169
1404  17  170
1408  17  170
1408  17  171
1400  17  171
1408  17  171
1432  17  172
1428  17  172
1424  17  172
1424  17  172
1432  17  172
1420  17  173
1416  17  173
1424  17  173
1416  17  173
1424  17  173
1420  17  173
1404  16  173
1412  16  173
1404  16  173
1408  16  173
1404  16  173
1404  16  173
1412  15  172
1396  15  172
1396  15  172
1404  15  172
1396  15  172
1396  15  172
1404  15  172
1396  14  172
1400  14  172
1392  14  172
1392  14  172
1400  14  172
1396  14  172
1388  14  172
1400  14  172
1396  14  172
1400  15  173
1404  15  173
1396  15  173
1404  15  173
1400  15  173
1396  15  173
1404  15  173
1396  15  174
1396  15  174
1400  15  174
1388  15  174
1408  15  175
1388  15  175
1392  15  175
1400  15  175
1408  16  176
1400  16  176
1412  16  176
1400  16  176
1400  16  176
1408  16  176
1400  16  176
1404  16  176
1408  16  177
1396  16  177
1408  16  177
1396  16  177
1400  16  177
1404  16  177
1400  16  177
1404  16  177
1400  16  177
1396  16  177
1408  16  177
1396  16  177
1400  16  177
1404  16  177
1400  16  177
1396  16  177
1408  16  177
1396  16  177
1408  16  177
1400  16  177
1400  16  177
1404  16  177
1400  16  177
1396  16  177
1404  16  177
1400  16  177
1404  16  177
1400  16  177
1400  16  177
1404  16  177
1400  16  177
1396  16  177
1404  16  177
1400  16  177
1400  16  177
1408  16  177
1396  16  177
1408  16  177
1396  16  177
1400  16  177
1404  16  177
1400  16  177
1396  16  177
1408  16  177
1396  16  177
1408  16  177
1396  16  177
1400  16  177
1404  16  177
1400  16  177
1396  16  177
1408  16  177
1396  16  177
1400  16  177
1408  16  177
1400  16  177
1404  16  177
1400  16  177
1396  16  177
1404  16  177
1400  16  177
1400  16  177
1404  16  177
1400  16  177
1420  17  177
1416  17  177
1408  17  177
1420  17  177
1412  17  177
1416  17  177
1420  17  177
1408  17  177
1420  17  177
1412  17  177
1412  17  177
1420  17  177
1412  17  177
1416  17  177
1420  17  177
1408  17  177
1420  17  177
1412  17  177
1412  17  177
1420  17  177
1412  17  177
1420  17  177
1412  17  177
1412  17  177
1420  17  177
1412  17  176
1408  17  176
1416  17  176
1404  17  176
1416  17  176
1416  18  176
1408  18  176
1416  18  176
1408  18  176
1412  18  176
1420  18  176
1412  18  175
1412  18  175
1412  18  175
1404  18  175
1416  18  175
1408  18  175
1412  18  175
1408  18  175
1416  18  174
1420  18  174
1408  18  174
1412  18  174
1420  18  174
1416  18  173
1412  18  173
1412  18  173
1408  18  173
1420  18  173
1408  18  172
1404  18  172
1408  18  171
1400  18  171
1412  18  171
1408  18  170
1408  18  170
1412  18  170
1412  18  169
1404  18  169
1416  18  168
1416  17  168
1420  17  167
1408  17  167
1416  17  166
1420  17  166
1408  17  166
1420  16  165
1396  16  165
1412  16  164
1412  16  164
1420  16  163
1420  16  163
1432  16  162
1416  16  161
1412  16  161
1416  15  160
1404  15  160
1424  15  159
1412  15  159
1416  15  158
1420  15  158
1416  15  157
1404  14  157
1408  14  156
1412  14  155
1408  14  155
1408  14  155
1408  14  154
1404  13  154
1396  13  154
1408  13  153
1396  13  153
1396  13  153
1400  13  153
1404  13  152
1400  13  152
1404  13  152
1408  13  151
1404  13  151
1400  13  151
1400  13  151
1420  14  151
1412  14  151
1408  14  151
1420  14  150
1404  14  150
1412  15  150
1400  15  150
1400  15  150
1408  15  150
1400  15  150
1400  15  150
1416  16  150
1408  16  150
1412  16  150
1404  16  150
1412  16  149
1412  16  149
1396  17  149
1392  17  149
1400  17  149
1396  17  149
1404  17  148
1404  17  148
1404  17  147
1400  17  147
1400  17  147
1400  17  146
1408  17  146
1396  17  145
1392  17  145
1404  17  144
1396  17  144
1404  17  143
1412  16  142
1400  16  141
1400  16  141
1400  16  140
1396  16  139
1420  15  138
1400  15  138
1408  15  137
1420  14  136
1416  14  135
1416  14  134
1420  13  133
1424  13  132
1424  13  131
1420  12  130
1424  12  129
1416  12  128
1404  11  127
1412  11  126
1408  11  125
1408  11  125
1408  10  124
1400  10  123
1404  10  122
1400  9  121
1332  9  121
1336  9  120
1324  9  120
1376  8  119
1372  8  119
1376  8  118
1364  8  118
1380  8  117
1368  8  117
1364  8  117
1380  8  116
1364  8  116
1364  8  116
1376  8  116
1368  8  116
1332  9  116
1336  9  116
1328  9  116
1332  10  116
1404  10  116
1416  11  116
1408  11  116
1424  11  116
1408  12  116
1404  12  116
1408  13  116
1396  13  116
1404  13  116
1396  14  116
1396  14  116
1400  14  116
1396  14  116
1436  15  116
1444  15  116
1424  15  116
1456  15  115
1424  15  115
1436  15  115
1448  15  115
1436  15  114
1440  15  114
1440  15  113
1424  15  113
1456  15  112
1440  15  111
1444  15  110
1392  14  110
1396  14  109
1448  14  108
1436  14  107
1404  13  106
1400  13  105
1396  13  104
1416  12  103
1400  12  102
1400  12  101
1412  11  100
1412  11  98
1360  10  97
1352  10  96
1348  9  95
1268  9  94
1292  8  93
1268  8  92
1280  8  91
1272  7  90
1280  7  89
1268  7  88
1268  6  87
1264  6  86
1276  6  85
1304  5  84
1264  5  83
1260  5  82
1316  4  82
1304  4  81
1312  4  80
1300  4  80
1312  4  79
1308  3  79
1304  3  78
1304  3  78
1312  3  77
1308  3  77
1304  3  77
1316  3  77
1304  3  77
1300  4  77
1300  4  77
1312  4  77
1296  4  77
1264  5  77
1260  5  77
1268  6  77
1260  6  77
1276  7  77
1280  7  77
1280  8  77
1272  8  77
1268  9  77
1264  9  77
1276  9  77
1260  10  77
1324  10  77
1332  10  77
1376  11  77
1368  11  77
1364  11  77
1376  11  77
1364  11  77
1368  11  77
1372  11  77
1368  11  77
1364  11  77
1376  11  77
1368  11  76
1376  11  76
1364  11  76
1372  11  75
1380  11  74
1368  11  74
1372  11  73
1384  11  72
1376  11  71
1372  11  70
1380  11  69
1376  10  68
1376  10  67
1376  10  66
1372  10  65
1336  9  64
1280  9  63
1272  8  62
1268  8  61
1260  8  61
1276  7  60
1280  7  59
1268  6  58
1276  6  57
1280  5  56
1292  5  55
1272  4  54
1276  4  52
1268  3  51
1276  3  50
1272  3  49
1264  2  48
1264  2  47
1316  1  46
1304  1  46
1308  1  45
1300  0  44
1292  0  43
1288  0  43
1292  0  42
1300  0  42
1296  0  41
1288  0  41
1292  0  40
1296  0  40
1284  0  40
1292  0  39
1288  0  39
1296  0  39
1284  0  39
1288  0  39
1288  0  39
1296  0  39
1260  1  39
1260  1  39
1260  1  39
1272  2  39
1268  2  39
1272  3  39
1276  3  39
1284  4  39
1272  4  39
1276  4  39
1272  5  40
1280  5  40
1272  5  40
1268  5  40
1268  6  40
1268  6  40
1264  6  40
1268  6  40
1256  7  40
1256  7  40
1268  7  40
1252  7  40
1256  7  40
1260  7  40
1264  7  40
1256  7  40
1256  7  40
1264  7  39
1268  7  39
1260  7  39
1264  7  38
1260  7  38
1308  7  37
1300  7  37
1272  6  36
1264  6  35
1260  6  35
1272  6  34
1260  6  34
1276  5  33
1268  5  32
1272  5  32
1272  5  31
1272  4  30
1268  4  29
1276  4  29
1268  4  28
1280  3  27
1280  3  26
1284  3  26
1280  2  25
1276  2  25
1276  2  24
1288  1  23
1276  1  22
1272  1  21
1244  0  21
1268  0  20
1256  0  19
1256  0  18
1248  0  18
1280  -1  17
1276  -1  17
1292  -1  16
1288  -1  16
1340  -2  15
1324  -2  15
1328  -2  15
1328  -2  14
1332  -2  14
1328  -2  14
1324  -2  14
1332  -2  14
1324  -2  14
1332  -2  13
1332  -2  13
1324  -2  13
1324  -2  13
1288  -1  13
1292  -1  13
1280  -1  13
1284  -1  13
1280  0  13
1272  0  13
1256  0  13
1276  1  14
1272  1  14
1280  1  14
1280  2  14
1272  2  14
1276  2  14
1284  2  14
1276  2  14
1280  2  15
1264  3  15
1272  3  15
1260  3  15
1264  3  15
1264  3  15
1272  3  15
1260  3  15
1264  3  15
1264  3  15
1260  3  15
1272  3  15
1264  3  15
1264  3  15
1268  3  14
1268  3  14
1260  3  14
1260  3  14
1280  2  13
1280  2  13
1276  2  13
1272  2  13
1272  2  13
1288  2  12
1276  2  12
1276  2  12
1280  2  11
1284  2  11
1272  2  10
1276  2  10
1268  2  10
1292  1  9
1212  1  9
1208  1  9
1208  1  9
1200  1  8
1184  0  8
1196  0  8
1192  0  8
1208  0  7
1196  0  7
1188  0  7
1208  0  6
1204  0  6
1200  0  6
1196  0  6
1192  0  5
1208  -1  5
1224  -1  5
1224  -1  5
1224  -1  5
1228  -1  5
1224  -1  5
1232  -1  5
1228  -1  5
1224  -1  4
1224  -1  4
1228  -1  4
1232  -1  4
1228  -1  4
1224  -1  4
1224  -1  4
1224  -1  4
1228  -1  4
1228  -1  4
1228  -1  4
1224  -1  4
1224  -1  4
1228  -1  4
1232  -1  4
1224  -1  4
1224  -1  4
1216  0  4
1184  0  4
1200  0  4
1188  0  4
1188  0  4
1188  0  4
1188  0  4
1188  0  4
1196  0  4
1192  0  4
1188  0  4
1188  0  4
1188  0  4
1188  0  4
1196  0  4
1192  0  4
1184  0  4
1188  0  4
1192  0  4
1188  0  4
1196  0  4
1188  0  4
1188  0  4
1188  0  4
1192  0  4
1188  0  4
1208  -1  4
1224  -1  4
1224  -1  4
1224  -1  4
1228  -1  4
1224  -1  4
1236  -1  4
1224  -1  4
1224  -1  4
1224  -1  4
1228  -1  4
1232  -1  4
1224  -1  4
1228  -1  4
1224  -1  4
1224  -1  4
1232  -1  4
1224  -1  4
1224  -1  4
1228  -1  4
1224  -1  4
1236  -1  4
1224  -1  4
1224  -1  4
1224  -1  4
1228  -1  4
1228  -1  4
1228  -1  4
1224  -1  4
1228  -1  5
1224  -1  5
1232  -1  5
1228  -1  5
1224  -1  5
1228  -1  5
1224  -1  5
1232  -1  5
1224  -1  5
1224  -1  5
1224  -1  5
1228  -2  5
1228  -2  5
1224  -2  5
1220  -2  5
1224  -2  5
1224  -2  6
1228  -2  6
1220  -2  6
1220  -2  6
1220  -2  6
1220  -2  6
1232  -2  6
1220  -2  6
1220  -2  6
1220  -2  7
1220  -2  7
1212  -2  7
1228  -2  7
1224  -2  8
1216  -2  8
1216  -2  8
1216  -2  8
1228  -2  8
1220  -2  9
1212  -2  9
1220  -2  9
1216  -2  9
1232  -2  10
1276  -2  10
1288  -2  10
1284  -2  11
1296  -2  11
1284  -2  12
1284  -2  12
1328  -2  13
1328  -2  13
1296  -1  14
1288  -1  14
1296  -1  15
1288  -1  15
1288  -1  15
1288  -1  16
1280  0  16
1268  0  17
1252  0  17
1256  0  18
1248  0  18
1268  0  19
1280  1  19
1276  1  20
1272  1  20
1280  1  20
1272  1  21
1268  1  21
1276  1  22
1280  2  22
1264  2  23
1260  2  23
1264  2  23
1284  2  24
1272  2  24
1272  2  24
1272  2  24
1288  2  25
1276  2  25
1272  2  25
1276  2  25
1284  2  25
1276  2  25
1280  2  26
1264  1  26
1272  1  26
1264  1  26
1260  1  26
1264  1  26
1268  1  26
1252  0  26
1248  0  26
1248  0  27
1244  0  27
1252  0  27
1312  -1  27
1320  -1  27
1328  -1  27
1336  -1  28
1328  -1  28
1324  -1  28
1336  -2  28
1328  -2  28
1332  -2  29
1336  -2  29
1328  -2  29
1332  -2  30
1328  -2  30
1332  -2  30
1336  -2  31
1328  -2  32
1336  -2  32
1336  -2  33
1328  -2  33
1340  -1  34
1344  -1  35
1336  -1  36
1324  -1  37
1336  -1  37
1316  0  38
1300  0  39
1300  0  40
1288  0  41
1268  1  42
1260  1  42
1312  1  44
1268  2  45
1260  2  45
1268  3  46
1280  3  47
1272  3  48
1280  4  49
1280  4  50
1300  5  51
1272  5  52
1268  5  53
1280  6  54
1280  6  54
1272  6  55
1280  6  56
1272  7  57
1280  7  58
1268  7  59
1272  7  59
1268  7  60
1280  7  61
1268  8  61
1268  8  62
1264  8  62
1272  8  63
1268  8  63
1272  8  64
1264  8  64
1260  8  64
1276  8  65
1264  8  65
1260  8  65
1280  7  65
1284  7  65
1276  7  65
1276  7  65
1276  7  65
1288  6  66
1276  6  66
1272  6  66
1264  5  66
1268  5  66
1264  5  66
1260  4  66
1260  4  66
1272  4  66
1300  3  66
1300  3  66
1308  2  66
1316  2  66
1308  2  66
1308  1  66
1308  1  66
1316  1  66
1304  1  66
1316  1  67
1296  0  67
1288  0  67
1288  0  67
1292  0  68
1296  0  68
1296  0  69
1296  0  69
1292  0  70
1300  0  70
1296  0  71
1296  0  72
1296  0  73
1324  1  74
1308  1  74
1316  1  76
1316  1  77
1316  2  78
1312  2  79
1312  2  80
1316  3  81
1304  3  82
1308  4  84
1316  4  85
1304  5  86
1300  5  88
1268  6  89
1268  6  90
1264  7  92
1260  7  93
1280  8  94
1276  8  96
1276  9  97
1280  10  98
1332  10  100
1408  11  101
1408  11  102
1408  12  103
1412  12  105
1400  13  106
1408  13  107
1444  14  108
1388  14  109
1404  14  110
1396  14  111
1452  15  112
1440  15  113
1428  15  114
1440  15  114
1448  15  115
1444  15  116
1424  15  116
1432  15  116
1448  15  116
1392  14  117
1392  14  117
1400  14  117
1404  13  117
1408  13  117
1408  12  117
1412  12  117
1420  11  117
1408  11  117
1396  10  117
1416  10  116
1400  9  116
1340  9  116
1368  8  116
1368  8  116
1384  7  116
1368  7  116
1376  6  116
1376  6  116
1372  6  116
1380  5  116
1392  5  116
1368  5  116
1376  5  116
1392  5  116
1364  5  117
1372  5  117
1372  5  117
1376  5  118
1372  5  118
1380  5  119
1372  5  120
1372  5  121
1376  5  121
1372  5  122
1380  6  123
1396  6  125
1376  6  126
1376  6  127
1392  7  128
1376  7  129
1380  7  130
1376  8  132
1376  8  133
1384  9  135
1376  9  136
1372  10  137
1448  10  139
1392  11  140
1400  12  142
1412  12  143
1408  13  145
1420  14  146
1412  14  147
1408  15  149
1420  16  150
1412  16  152
1404  17  153
1412  17  154
1404  18  156
1408  18  157
1404  18  158
1448  19  159
1400  19  160
1396  19  161
1448  20  162
1448  20  163
1428  20  163
1456  20  164
1440  20  165
1424  20  165
1456  20  166
1424  20  166
1448  20  166
1432  20  166
1444  20  166
1392  19  166
1392  19  166
1408  19  166
1400  18  166
1392  18  166
1420  17  166
1412  16  166
1408  16  166
1412  15  166
1400  15  166
1404  14  165
1396  14  165
1436  13  165
1444  13  165
1440  12  165
1444  12  165
1444  11  165
1432  11  165
1448  11  165
1440  11  165
1444  11  165
1444  10  165
1432  10  165
1460  10  165
1448  10  166
1444  10  166
1444  11  166
1452  11  167
1444  11  168
1432  11  168
1456  11  169
1448  11  170
1448  11  171
1444  12  172
1436  12  173
1456  12  174
1440  12  175
1456  13  176
1440  13  178
1432  14  179
1456  14  180
1396  15  181
1404  15  182
1404  16  183
1396  16  185
1420  17  186
1404  17  187
1420  18  188
1420  19  189
1400  19  190
1416  20  191
1412  20  192
1400  21  193
1408  21  194
1404  21  195
1400  22  196
1408  22  197
1400  22  198
1408  22  199
1396  22  200
1400  22  201
1400  23  201
1396  23  202
1388  23  202
1404  23  203
1392  23  203
1396  23  203
1388  23  203
1392  23  203
1400  23  203
1388  23  203
1392  23  203
1404  22  203
1400  22  203
1396  22  203
1412  21  203
1408  21  203
1428  20  203
1420  20  203
1412  19  203
1420  19  202
1408  19  202
1400  18  202
1400  18  202
1400  17  202
1404  17  201
1392  17  201
1440  16  201
1444  16  201
1424  16  201
1440  16  201
1436  16  201
1436  16  201
1444  16  201
1424  16  201
1444  16  201
1432  16  201
1440  16  202
1440  16  202
1444  16  202
1448  16  203
1432  16  203
1448  16  204
1448  16  205
1392  17  205
1448  17  206
1436  17  206
1400  18  207
1404  18  208
1392  18  208
1404  19  209
1412  19  210
1400  19  210
1412  19  211
1416  20  212
1408  20  213
1412  20  213
1420  21  214
1412  21  214
1408  21  215
1404  22  215
1424  22  216
1416  22  217
1400  23  217
1404  23  218
1396  23  218
1396  23  218
1408  23  219
1400  23  219
1408  23  219
1408  23  220
1404  23  220
1412  23  220
1408  23  220
1404  23  220
1412  23  220
1404  23  220
1412  23  220
1404  23  220
1404  23  220
1416  22  220
1400  22  220
1404  22  220
1412  22  220
1404  22  220
1420  21  220
1408  21  220
1408  21  220
1428  21  219
1412  21  219
1412  21  219
1404  20  219
1392  20  219
1408  20  219
1392  20  219
1392  20  219
1404  20  219
1392  20  219
1404  20  218
1400  20  218
1396  20  218
1404  20  218
1396  20  218
1396  20  218
1404  20  218
1392  20  218
1400  20  218
1400  20  218
1396  20  218
1396  20  218
1404  20  218
1396  20  218
1408  20  219
1392  20  219
1396  20  219
1404  20  219
1412  21  219
1412  21  219
1420  21  219
1412  21  219
1420  21  219
1412  21  219
1412  21  219
1420  21  219
1412  21  219
1412  21  219
1420  21  219
1412  21  219
1420  21  219
1412  21  219
1412  21  219
1420  21  219
1412  21  219
1412  21  219
1420  21  219
1412  21  219
1420  21  219
1412  21  219
1396  20  219
1404  20  219
1392  20  219
1396  20  219
1400  20  219
1392  20  219
1408  20  219
1392  20  219
1392  20  219
1424  21  219
1412  21  219
1412  21  219
1420  21  219
1412  21  219
1420  21  219
1412  21  219
1408  22  219
1412  22  219
1404  22  219
1404  22  219
1416  22  219
1404  22  219
1408  22  219
1408  22  219
1404  22  219
1412  22  219
1404  22  219
1404  22  219
1416  22  219
1404  22  219
1408  22  219
1408  22  219
1404  22  219
1412  22  219
1404  22  219
1404  22  219
1412  23  218
1396  23  218
1400  23  218
1396  23  218
1396  23  218
1408  23  217
1396  23  217
1396  23  217
1408  23  216
1400  23  216
1408  23  216
1400  23  216
1400  23  216
1408  23  215
1396  23  215
1404  23  214
1408  23  214
1396  23  214
1408  23  213
1400  23  213
1400  23  212
1412  22  212
1412  22  211
1400  22  211
1420  22  210
1404  22  210
1404  22  209
1408  22  209
1400  22  208
1428  21  207
1416  21  206
1408  21  206
1416  21  205
1404  21  205
1428  20  204
1408  20  204
1424  20  203
1428  20  202
1416  20  202
1404  20  201
1424  19  200
1416  19  199
1416  19  199
1412  19  198
1412  19  198
1416  18  197
1408  18  196
1404  18  196
1420  18  195
1404  18  195
1412  18  194
1400  18  194
1404  18  193
1412  18  193
1412  18  192
1408  18  192
1420  17  191
1400  17  191
1412  17  190
1400  17  190
1400  17  190
1412  17  190
1408  17  189
1408  17  189
1408  17  189
1404  17  188
1420  18  188
1412  18  188
1404  18  188
1424  18  187
1416  18  187
1420  18  187
1412  18  187
1408  19  187
1412  19  187
1412  19  186
1412  19  186
1416  19  186
1404  20  186
1408  20  186
1400  20  185
1400  20  185
1408  20  185
1396  20  185
1404  20  184
1404  20  184
1400  20  184
1396  21  184
1400  21  183
1392  21  183
1408  21  182
1392  21  182
1396  21  181
1408  21  180
1392  21  180
1440  21  179
1452  21  178
1428  21  178
1456  21  177
1396  20  176
1400  20  175
1404  20  174
1400  20  173
1404  20  172
1404  19  171
1400  19  170
1416  19  169
1408  18  168
1404  18  167
1428  17  166
1416  17  165
1424  17  164
1424  16  163
1428  16  162
1412  16  160
1420  15  159
1416  15  158
1424  15  157
1412  14  155
1420  14  154
1404  13  153
1404  13  152
1412  13  151
1400  12  150
1408  12  149
1400  12  148
1452  11  147
1444  11  146
1428  11  146
1452  11  145
1392  11  144
1400  11  143
1452  10  143
1444  10  142
1428  10  142
1456  10  141
1428  10  141
1440  10  141
1440  10  141
1396  11  140
1400  11  140
1392  11  140
1408  12  140
1404  12  139
1416  13  139
1416  13  139
1408  13  139
1404  14  139
1412  14  139
1408  15  139
1412  15  139
1404  15  139
1400  16  139
1400  16  139
1392  16  139
1436  17  139
1448  17  139
1428  17  139
1460  18  138
1440  18  138
1432  18  138
1456  18  138
1444  19  137
1448  19  137
1444  19  136
1448  19  136
1444  19  135
1444  19  134
1456  19  133
1452  19  132
1452  19  131
1452  18  130
1444  18  129
1452  18  128
1448  17  127
1444  17  125
1448  16  124
1444  16  123
1440  16  121
1396  15  120
1408  14  118
1400  14  117
1412  13  115
1408  13  114
1416  12  112
1408  12  110
1400  11  109
1416  10  107
1424  10  106
1412  9  104
1344  8  102
1344  8  101
1332  7  99
1276  7  98
1312  6  96
1304  6  95
1308  5  94
1316  4  93
1312  4  92
1308  4  91
1312  3  90
1316  3  89
1316  3  87
1308  3  86
1312  2  86
1324  2  85
1312  2  84
1308  2  84
1316  2  83
1316  2  83
1316  2  82
1312  2  82
1316  2  82
1308  3  81
1300  3  81
1300  3  81
1312  4  81
1304  4  81
1260  5  81
1256  5  81
1276  6  81
1260  6  82
1268  7  82
1272  7  82
1288  8  82
1276  9  82
1280  9  82
1264  10  82
1332  10  82
1328  11  82
1324  11  82
1380  12  82
1368  12  82
1368  12  82
1380  13  82
1364  13  82
1372  13  82
1376  13  82
1364  13  82
1368  13  82
1380  13  81
1372  13  81
1364  13  81
1384  13  80
1372  13  80
1376  13  79
1384  13  78
1380  13  77
1376  13  76
1392  13  75
1380  12  73
1368  12  72
1384  12  71
1376  12  70
1372  11  69
1392  11  67
1380  11  66
1380  10  65
1368  10  63
1336  9  62
1264  9  60
1276  8  59
1260  8  58
1276  7  57
1276  6  55
1284  6  54
1272  5  53
1292  5  51
1280  4  50
1284  4  48
1272  3  46
1268  3  45
1268  2  43
1272  2  42
1268  1  40
1264  1  39
1296  0  38
1296  0  37
1312  -1  36
1336  -1  35
1344  -2  34
1328  -2  33
1332  -2  32
1340  -3  31
1340  -3  30
1344  -3  29
1328  -3  28
1340  -3  28
1332  -3  27
1336  -3  27
1340  -3  27
1332  -3  26
1332  -3  26
1328  -3  26
1348  -3  25
1324  -2  25
1332  -2  25
1332  -1  25
1324  -1  25
1324  -1  25
1268  0  25
1268  0  26
1264  1  26
1264  1  26
1276  2  26
1280  2  26
1280  3  26
1264  4  26
1272  4  27
1272  4  27
1268  5  27
1264  5  27
1300  6  27
1308  6  27
1296  6  27
1304  7  27
1312  7  27
1304  7  27
1300  7  27
1312  7  26
1308  7  26
1304  7  26
1304  7  26
1304  7  26
1312  7  26
1308  7  25
1304  7  25
1312  7  24
1296  7  24
1308  7  23
1304  7  22
1316  6  21
1308  6  20
1304  6  19
1312  6  18
1316  6  17
1304  5  16
1308  5  15
1312  5  14
1264  4  13
1260  4  12
1264  4  11
1276  3  10
1264  3  9
1216  2  8
1212  2  7
1212  1  6
1220  1  5
1192  0  4
1184  0  3
1216  -1  2
1224  -1  1
1232  -2  -1
1248  -2  -2
1252  -2  -3
1248  -3  -4
1248  -3  -5
1256  -3  -6
1288  -4  -7
1244  -4  -8
1288  -5  -9
1296  -5  -10
1356  -5  -11
1348  -5  -11
1360  -6  -12
1356  -6  -13
1352  -6  -13
1352  -6  -14
1360  -6  -14
1360  -6  -15
1356  -6  -15
1364  -6  -15
1360  -6  -15
1356  -6  -15
1364  -6  -16
1356  -6  -16
1356  -6  -16
1364  -6  -16
1352  -5  -16
1344  -5  -16
1324  -4  -16
1316  -4  -15
1308  -4  -15
1328  -3  -15
1308  -3  -15
1324  -2  -15
1328  -2  -15
1328  -1  -14
1320  -1  -14
1300  0  -14
1280  0  -14
1284  0  -14
1288  1  -14
1288  1  -14
1296  1  -14
1284  1  -14
1292  1  -14
1324  2  -14
1328  2  -14
1324  2  -14
1324  2  -14
1328  2  -14
1324  2  -14
1328  2  -14
1320  2  -14
1332  2  -14
1328  2  -15
1324  2  -15
1296  1  -15
1284  1  -16
1284  1  -16
1288  1  -17
1292  1  -17
1276  0  -18
1276  0  -18
1280  0  -19
1280  0  -19
1280  0  -20
1292  -1  -21
1316  -1  -22
1328  -1  -22
1324  -1  -23
1312  -1  -24
1332  -2  -24
1324  -2  -25
1324  -2  -26
1328  -3  -26
1328  -3  -27
1320  -3  -27
1316  -3  -28
1324  -4  -29
1316  -4  -29
1320  -4  -30
1316  -4  -30
1324  -5  -31
1316  -5  -31
1316  -5  -32
1324  -5  -32
1308  -6  -33
1304  -6  -33
1312  -6  -33
1320  -6  -34
1304  -6  -34
1312  -6  -34
1312  -6  -34
1316  -6  -35
1312  -6  -35
1308  -6  -35
1320  -6  -35
1312  -6  -35
1308  -6  -35
1320  -6  -35
1312  -6  -35
1308  -6  -35
1316  -5  -35
1320  -5  -35
1308  -5  -35
1316  -5  -35
1332  -4  -35
1320  -4  -35
1320  -4  -35
1328  -4  -34
1336  -4  -34
1324  -3  -34
1320  -3  -34
1328  -3  -34
1320  -3  -34
1324  -3  -34
1320  -3  -34
1328  -3  -34
1320  -3  -34
1324  -2  -33
1328  -2  -33
1316  -2  -33
1316  -2  -33
1328  -2  -33
1320  -2  -33
1320  -2  -33
1316  -2  -33
1312  -3  -33
1312  -3  -33
1324  -3  -34
1324  -3  -34
1324  -3  -34
1320  -3  -34
1320  -3  -34
1328  -3  -34
1324  -3  -34
1320  -3  -34
1336  -3  -35
1324  -4  -35
1320  -4  -35
1320  -4  -35
1324  -4  -35
1324  -4  -35
1320  -4  -35
1328  -4  -35
1320  -4  -35
1320  -4  -35
1332  -4  -36
1332  -4  -36
1328  -4  -36
1328  -4  -36
1332  -4  -36
1328  -4  -36
1324  -4  -36
1336  -4  -36
1328  -4  -36
1324  -4  -36
1328  -4  -36
1332  -4  -36
1328  -4  -36
1328  -4  -36
1332  -4  -36
1328  -4  -36
1324  -4  -36
1336  -4  -36
1324  -4  -36
1332  -4  -36
1324  -4  -36
1336  -4  -36
1324  -4  -36
1316  -5  -36
1324  -5  -36
1312  -5  -36
1312  -5  -36
1316  -5  -36
1324  -5  -35
1312  -5  -35
1316  -5  -35
1320  -5  -35
1312  -5  -35
1312  -5  -35
1312  -5  -35
1320  -5  -35
1312  -5  -35
1312  -5  -35
1320  -5  -35
1312  -5  -35
1316  -5  -35
1312  -5  -35
1320  -5  -35
1312  -5  -35
1312  -5  -35
1320  -5  -35
1312  -5  -35
1312  -6  -35
1316  -6  -34
1316  -6  -34
1308  -6  -34
1308  -6  -34
1316  -6  -33
1308  -6  -33
1308  -6  -33
1312  -6  -32
1312  -6  -32
1308  -6  -32
1304  -6  -32
1316  -6  -32
1304  -6  -32
1316  -6  -31
1304  -6  -31
1316  -6  -31
1308  -6  -30
1312  -6  -30
1304  -6  -30
1320  -6  -29
1304  -6  -29
1312  -6  -28
1312  -6  -28
1308  -6  -28
1360  -6  -27
1360  -6  -26
1348  -6  -26
1352  -6  -25
1308  -5  -24
1320  -5  -23
1304  -5  -23
1312  -5  -22
1316  -5  -22
1320  -4  -21
1308  -4  -21
1316  -4  -20
1320  -4  -20
1324  -3  -19
1316  -3  -19
1332  -3  -18
1324  -3  -17
1320  -3  -17
1332  -2  -16
1336  -2  -16
1324  -2  -15
1328  -2  -15
1332  -2  -14
1328  -2  -14
1324  -2  -13
1336  -2  -12
1324  -2  -12
1328  -2  -11
1328  -2  -11
1328  -2  -10
1320  -2  -10
1320  -2  -9
1264  -2  -9
1252  -2  -9
1248  -2  -9
1256  -2  -8
1256  -2  -8
1260  -2  -8
1252  -2  -8
1256  -2  -7
1256  -2  -7
1264  -2  -7
1256  -2  -7
1256  -2  -7
1248  -2  -6
1248  -2  -6
1252  -3  -6
1248  -3  -6
1244  -3  -6
1248  -3  -5
1296  -4  -5
1280  -4  -5
1292  -4  -4
1284  -4  -4
1288  -4  -4
1296  -5  -3
1284  -5  -3
1288  -5  -3
1292  -5  -3
1296  -5  -2
1280  -5  -2
1296  -5  -1
1296  -5  -1
1272  -5  0
1256  -5  0
1264  -5  1
1272  -5  1
1268  -5  2
1264  -5  3
1264  -5  3
1272  -5  4
1276  -4  5
1264  -4  6
1268  -4  6
1268  -4  7
1260  -4  8
1264  -4  9
1272  -3  10
1328  -3  11
1332  -3  12
1328  -3  13
1332  -2  14
1336  -2  16
1328  -2  17
1292  -1  18
1292  -1  19
1292  -1  20
1276  0  21
1248  0  22
1284  1  24
1268  1  25
1264  1  26
1280  2  27
1284  2  28
1272  3  29
1288  3  30
1284  3  31
1292  4  32
1276  4  33
1280  4  34
1272  4  35
1292  4  36
1276  5  37
1272  5  38
1268  5  39
1284  5  40
1268  5  40
1276  5  41
1272  6  42
1276  6  43
1268  6  43
1268  6  44
1272  6  44
1268  6  45
1272  6  45
1264  6  46
1260  6  46
1276  5  46
1280  5  46
1280  5  47
1268  5  47
1280  4  47
1288  4  48
1268  4  48
1276  4  48
1268  3  48
1276  3  48
1272  3  49
1264  3  49
1260  2  49
1264  2  49
1304  1  49
1308  1  50
1304  1  50
1296  0  50
1288  0  51
1292  0  51
1320  -1  51
1340  -1  52
1328  -1  52
1336  -1  52
1356  -1  53
1328  -1  53
1336  -1  54
1340  -1  54
1344  -1  55
1336  -1  56
1336  -1  57
1328  -1  57
1340  -1  58
1332  -1  59
1348  -1  60
1324  -1  61
1336  -1  62
1328  0  63
1308  0  65
1304  0  66
1300  0  67
1296  0  69
1316  1  70
1312  1  71
1316  2  73
1308  2  74
1312  3  76
1300  3  78
1316  4  79
1308  4  81
1264  5  82
1308  5  84
1264  6  86
1272  7  88
1268  7  89
1280  8  91
1280  8  92
1264  9  94
1288  10  95
1332  11  97
1340  11  98
1336  12  100
1400  12  101
1396  13  103
1396  13  105
1452  14  106
1436  14  107
1392  14  109
1452  15  110
1440  15  111
1448  15  112
1432  15  113
1448  16  114
1444  16  115
1440  16  116
1448  16  117
1440  16  117
1448  15  118
1424  15  118
1428  15  118
1440  15  118
1400  14  118
1400  14  118
1412  13  118
1400  13  118
1408  12  119
1392  12  119
1412  11  119
1412  11  119
1404  10  119
1404  9  118
1344  9  118
1368  8  118
1372  7  118
1372  7  118
1376  6  118
1376  6  118
1380  5  118
1368  5  118
1372  5  118
1380  4  118
1388  4  119
1376  4  119
1376  4  119
1376  4  119
1380  4  119
1388  4  120
1380  3  120
1392  3  121
1380  3  122
1372  3  123
1400  3  124
1376  3  125
1376  3  126
1384  3  127
1396  4  128
1380  4  130
1392  4  131
1384  5  132
1376  5  134
1392  5  135
1380  6  137
1380  6  139
1380  7  140
1376  7  142
1396  8  144
1368  9  146
1380  9  148
1380  10  149
1440  11  152
1392  12  154
1448  12  156
1396  13  158
1416  14  160
1412  15  162
1408  16  165
1420  17  167
1412  17  169
1412  18  170
1416  19  172
1400  20  174
1452  21  176
1440  21  178
1440  22  179
1452  22  181
1444  23  182
1456  24  184
1444  24  185
1440  24  187
1460  25  188
1444  25  189
1456  25  190
1444  25  192
1452  25  193
1436  25  193
1448  25  194
1452  25  195
1440  25  195
1448  25  195
1436  25  195
1436  24  195
1448  24  195
1424  24  195
1456  23  195
1384  22  195
1396  22  195
1412  21  194
1396  21  194
1412  20  194
1416  19  194
1424  19  193
1416  18  193
1400  17  193
1400  17  193
1408  16  192
1440  15  192
1448  14  192
1428  14  192
1452  13  192
1448  13  192
1440  12  192
1440  12  192
1440  12  192
1428  12  192
1448  12  192
1440  12  192
1440  12  192
1440  12  192
1440  12  193
1448  12  193
1440  12  194
1452  12  195
1444  12  196
1456  12  197
1444  12  198
1444  13  199
1448  13  200
1444  13  201
1456  14  203
1448  14  204
1440  15  206
1452  15  207
1444  15  209
1452  16  211
1444  17  212
1432  17  214
1456  18  216
1396  19  217
1404  19  219
1412  20  220
1412  21  222
1428  22  224
1412  23  225
1420  23  227
1404  24  228
1404  25  230
1408  25  231
1396  26  233
1400  26  234
1448  27  236
1440  27  237
1452  28  239
1444  28  240
1444  29  241
1448  29  242
1428  29  243
1464  30  244
1444  30  245
1452  30  246
1436  30  246
1444  30  247
1444  30  247
1436  30  247
1452  30  248
1440  30  248
1428  30  248
1456  30  248
1440  29  248
1448  29  248
1436  29  248
1444  28  247
1396  27  247
1396  27  247
1412  26  247
1404  26  246
1412  25  246
1412  25  246
1412  24  245
1404  24  245
1412  23  245
1408  23  244
1408  22  244
1400  22  243
1396  21  243
1404  21  242
1444  20  242
1428  20  242
1444  20  242
1440  19  242
1440  19  242
1436  19  242
1428  19  242
1452  19  242
1428  19  242
1448  19  242
1436  19  242
1428  19  242
1452  19  243
1428  19  243
1452  19  244
1444  19  245
1448  20  245
1440  20  246
1440  20  247
1444  21  247
1440  21  248
1400  22  249
1400  22  250
1408  23  251
1408  23  252
1404  23  253
1404  24  254
1412  24  255
1420  25  257
1416  25  257
1420  26  258
1420  26  259
1420  27  260
1412  27  261
1396  28  261
1412  28  262
1404  29  263
1404  29  264
1400  29  265
1440  30  265
1460  30  266
1436  30  266
1448  30  267
1440  31  267
1452  31  268
1448  31  268
1448  31  268
1456  31  269
1444  31  269
1448  31  269
1452  31  269
1444  31  269
1452  31  269
1448  30  268
1440  30  268
1436  30  268
1396  29  268
1412  29  267
1396  29  267
1408  28  267
1416  28  266
1400  28  266
1412  28  266
1424  27  265
1416  27  265
1420  27  265
1444  26  264
1424  26  264
1428  26  263
1416  25  263
1428  25  262
1412  25  261
1412  25  261
1416  25  261
1420  24  260
1412  24  260
1412  24  259
1400  24  259
1408  24  259
1400  24  259
1400  24  259
1412  23  259
1400  23  259
1408  23  259
1400  23  259
1396  23  259
1412  23  259
1396  23  259
1400  23  259
1412  24  259
1400  24  259
1412  24  259
1400  24  259
1412  25  259
1420  25  259
1412  25  259
1408  25  259
1428  26  259
1412  26  259
1428  26  260
1408  26  260
1404  27  260
1412  27  260
1404  27  260
1404  27  260
1412  27  260
1404  27  260
1420  27  261
1408  27  261
1408  27  261
1416  27  261
1408  27  261
1404  27  261
1416  27  261
1412  27  260
1412  27  260
1400  27  260
1408  27  260
1408  27  260
1404  27  260
1408  27  259
1408  27  259
1400  27  259
1404  27  259
1400  27  259
1400  27  259
1416  27  258
1400  27  258
1400  27  258
1420  27  257
1404  27  257
1412  27  257
1408  27  256
1400  27  256
1416  27  256
1404  27  255
1396  27  255
1404  27  255
1400  27  255
1412  27  254
1396  27  254
1396  27  254
1408  27  253
1396  27  253
1392  27  253
1408  27  252
1392  27  252
1396  27  251
1404  27  251
1400  27  250
1408  27  249
1392  27  249
1400  27  248
1404  27  248
1396  27  247
1396  27  246
1400  27  246
1396  27  245
1400  27  245
1396  27  244
1404  26  243
1408  26  242
1392  26  242
1400  26  241
1408  26  240
1408  25  240
1404  25  239
1408  25  238
1396  25  237
1424  24  236
1416  24  235
1416  24  234
1416  24  234
1408  24  233
1424  23  232
1408  23  231
1412  23  230
1424  23  229
1416  22  228
1408  22  228
1416  22  227
1408  22  226
1412  22  225
1416  22  224
1416  21  223
1412  21  223
1412  21  222
1412  21  221
1424  21  220
1412  21  220
1424  21  219
1412  21  218
1412  21  217
1412  21  217
1404  21  216
1400  21  215
1428  21  214
1404  20  214
1416  20  213
1404  20  213
1416  20  212
1416  20  212
1408  20  211
1412  20  211
1412  20  210
1408  20  210
1424  20  209
1416  20  208
1404  20  208
1428  20  207
1412  20  207
1420  20  207
1412  20  206
1408  20  206
1416  21  205
1404  21  205
1416  21  204
1416  21  204
1412  21  203
1408  22  203
1400  22  202
1388  22  202
1408  22  201
1392  22  201
1396  22  200
1400  22  200
1400  22  199
1408  22  198
1392  22  198
1400  22  197
1404  22  196
1396  22  196
1396  22  195
1404  22  194
1396  22  193
1388  22  193
1408  22  192
1392  22  191
1408  22  190
1444  22  189
1432  22  187
1452  22  186
1396  21  185
1400  21  184
1400  21  182
1400  21  181
1408  20  180
1408  20  179
1400  20  177
1420  19  176
1408  19  175
1424  18  173
1408  18  172
1408  17  170
1420  17  169
1420  16  168
1412  16  166
1408  16  165
1416  15  164
1420  15  162
1412  15  161
1408  14  159
1412  14  157
1404  14  156
1404  13  155
1408  13  153
1400  12  152
1408  12  151
1400  12  150
1444  11  149
1448  11  148
1440  11  147
1448  11  146
1440  11  145
1388  11  144
1460  10  143
1440  10  143
1448  10  142
1440  10  141
1428  10  141
1448  10  141
1392  11  140
1400  11  140
1400  11  139
1404  12  139
1408  12  138
1412  13  138
1416  13  137
1420  14  137
1408  14  137
1416  14  137
1400  15  137
1400  15  136
1404  15  136
1400  16  136
1396  16  136
1400  16  136
1452  17  135
1432  17  135
1452  18  134
1432  18  134
1456  18  133
1436  18  133
1452  18  132
1436  18  132
1444  18  131
1452  18  130
1436  18  130
1456  18  129
1444  18  128
1452  18  126
1444  18  125
1448  18  124
1452  18  123
1444  18  122
1456  17  120
1440  17  119
1444  16  117
1452  16  116
1440  16  114
1448  15  112
1440  15  110
1392  14  109
1448  14  107
1396  13  105
1404  13  103
1400  12  101
1416  11  99
1348  11  97
1348  10  96
1340  9  94
1300  9  92
1280  8  90
1272  8  89
1276  7  87
1268  6  85
1268  6  83
1264  5  82
1264  5  80
1308  4  79
1320  3  77
1312  3  76
1312  2  74
1316  2  73
1320  1  72
1312  1  70
1316  1  69
1320  1  68
1296  0  67
1300  0  66
1308  0  65
1304  0  64
1296  0  63
1296  0  63
1304  0  62
1300  0  62
1296  0  61
1296  0  61
1316  1  61
1308  1  60
1304  1  60
1312  2  60
1300  2  60
1260  3  60
1260  3  60
1276  4  60
1264  4  60
1276  5  60
1280  6  60
1284  6  60
1268  7  60
1260  8  60
1260  8  60
1260  9  60
1268  9  60
1304  10  60
1364  10  60
1380  11  60
1372  11  60
1368  11  60
1384  12  60
1376  12  60
1376  12  60
1384  12  60
1380  12  59
1376  12  59
1384  12  59
1380  12  58
1376  12  58
1384  12  57
1392  12  56
1364  12  55
1376  12  55
1380  12  53
1380  12  52
1372  12  51
1376  12  50
1384  12  49
1376  12  47
1384  11  46
1380  11  44
1380  11  43
1380  10  41
1396  10  40
1376  9  38
1316  8  36
1312  8  35
1312  7  33
1300  7  31
1264  6  30
1276  5  28
1264  5  26
1276  4  24
1268  4  23
1292  3  21
1276  2  19
1280  1  17
1280  1  15
1268  0  13
1260  0  12
1272  -1  10
1280  -2  8
1228  -2  6
1276  -3  5
1264  -4  3
1268  -4  1
1252  -5  0
1280  -6  -1
1284  -6  -3
1288  -7  -4
1304  -7  -5
1300  -8  -6
1284  -8  -8
1292  -8  -9
1292  -8  -10
1356  -8  -11
1364  -9  -12
1368  -9  -13
1364  -9  -14
1356  -9  -14
1360  -9  -15
1364  -9  -15
1356  -9  -15
1364  -9  -16
1364  -8  -16
1360  -8  -16
1356  -8  -16
1364  -7  -16
1360  -7  -16
1356  -7  -16
1364  -6  -16
1352  -5  -16
1356  -5  -15
1316  -4  -15
1312  -4  -15
1316  -3  -15
1332  -2  -14
1328  -2  -14
1324  -1  -14
1300  0  -14
1288  0  -14
1288  1  -14
1284  1  -13
1332  2  -13
1324  2  -13
1328  3  -13
1324  3  -13
1336  3  -12
1332  4  -12
1328  4  -12
1336  4  -12
1324  4  -12
1332  4  -12
1328  4  -13
1336  4  -13
1324  4  -13
1332  4  -13
1344  4  -14
1324  4  -14
1332  4  -15
1336  4  -15
1336  4  -16
1340  4  -17
1336  4  -18
1332  3  -19
1328  3  -20
1332  3  -21
1340  3  -22
1328  2  -23
1332  2  -24
1332  1  -25
1328  1  -27
1328  1  -28
1272  0  -29
1280  0  -30
1288  -1  -31
1304  -1  -33
1328  -2  -34
1312  -2  -35
1328  -3  -36
1312  -4  -38
1336  -4  -39
1324  -5  -40
1328  -5  -41
1324  -6  -42
1320  -6  -44
1316  -6  -45
1312  -7  -46
1320  -7  -47
1368  -8  -48
1300  -8  -50
1308  -8  -50
1364  -9  -51
1352  -9  -52
1364  -10  -53
1412  -10  -54
1412  -10  -54
1436  -11  -55
1420  -11  -55
1432  -11  -56
1420  -11  -56
1424  -11  -57
1428  -11  -57
1424  -11  -57
1424  -11  -57
1428  -11  -57
1420  -10  -57
1432  -10  -57
1420  -10  -57
1416  -9  -57
1364  -9  -57
1308  -8  -56
1312  -8  -56
1320  -7  -56
1312  -7  -55
1324  -6  -55
1320  -6  -55
1332  -5  -55
1316  -4  -55
1320  -4  -54
1324  -4  -54
1316  -3  -54
1308  -3  -54
1312  -3  -53
1316  -2  -53
1308  -2  -52
1304  -2  -52
1316  -2  -52
1304  -2  -52
1360  -1  -52
1360  -1  -52
1356  -1  -52
1352  -1  -52
1360  -1  -52
1352  -1  -52
1356  -1  -52
1344  -1  -52
1368  -1  -52
1352  -1  -53
1356  -1  -53
1364  -1  -54
1348  -2  -54
1344  -2  -55
1364  -2  -55
1352  -2  -56
1304  -3  -56
1316  -3  -57
1308  -3  -57
1320  -4  -58
1316  -4  -59
1320  -4  -59
1316  -4  -60
1320  -5  -61
1324  -5  -61
1316  -5  -62
1320  -6  -63
1312  -6  -63
1328  -6  -64
1324  -7  -64
1328  -7  -65
1336  -7  -66
1316  -8  -66
1316  -8  -67
1324  -8  -67
1320  -8  -68
1320  -8  -68
1316  -9  -69
1312  -9  -69
1308  -9  -69
1312  -9  -70
1320  -9  -70
1312  -10  -70
1364  -10  -70
1376  -10  -70
1380  -10  -70
1368  -10  -70
1384  -10  -70
1372  -10  -70
1376  -10  -70
1380  -10  -70
1380  -9  -70
1308  -9  -70
1312  -9  -70
1320  -9  -70
1308  -9  -70
1332  -8  -69
1324  -8  -69
1320  -8  -69
1320  -8  -69
1336  -7  -68
1316  -7  -68
1316  -7  -68
1316  -7  -68
1340  -6  -67
1324  -6  -67
1324  -6  -67
1332  -6  -66
1328  -6  -66
1320  -6  -66
1328  -6  -65
1336  -6  -65
1328  -6  -65
1328  -6  -65
1324  -6  -64
1316  -6  -64
1320  -5  -64
1324  -5  -64
1320  -5  -64
1316  -5  -64
1316  -5  -64
1324  -5  -64
1320  -5  -64
1312  -5  -64
1328  -5  -64
1316  -6  -64
1316  -6  -64
1316  -6  -64
1320  -6  -64
1316  -6  -64
1316  -6  -64
1324  -6  -64
1316  -6  -64
1324  -7  -64
1324  -7  -64
1336  -7  -64
1324  -7  -64
1324  -7  -64
1320  -8  -64
1316  -8  -64
1312  -8  -64
1312  -8  -64
1320  -8  -64
1312  -8  -64
1316  -8  -64
1320  -8  -64
1308  -8  -64
1316  -8  -64
1308  -8  -64
1320  -8  -64
1316  -8  -64
1312  -8  -64
1320  -8  -64
1312  -8  -64
1312  -8  -64
1320  -8  -63
1320  -8  -63
1316  -8  -63
1308  -9  -63
1316  -9  -63
1308  -9  -62
1312  -9  -62
1304  -9  -62
1320  -9  -61
1304  -9  -61
1312  -9  -60
1316  -9  -60
1308  -9  -60
1312  -9  -59
1304  -9  -59
1368  -9  -58
1352  -9  -58
1344  -9  -57
1360  -9  -57
1356  -9  -56
1344  -9  -55
1360  -9  -55
1356  -9  -54
1304  -8  -54
1312  -8  -53
1312  -8  -53
1312  -8  -52
1320  -7  -51
1320  -7  -51
1308  -7  -50
1312  -7  -49
1324  -6  -48
1324  -6  -48
1320  -6  -47
1316  -6  -46
1316  -6  -46
1328  -5  -45
1332  -5  -44
1336  -5  -43
1320  -5  -43
1328  -5  -42
1316  -4  -42
1348  -4  -41
1340  -4  -40
1328  -4  -39
1328  -4  -39
1316  -4  -38
1308  -4  -38
1328  -4  -37
1328  -4  -37
1332  -4  -36
1328  -4  -36
1332  -4  -35
1320  -4  -35
1328  -4  -34
1336  -4  -34
1324  -4  -34
1324  -4  -33
1320  -4  -33
1332  -4  -33
1320  -4  -33
1328  -4  -32
1328  -5  -32
1312  -5  -32
1312  -5  -32
1320  -5  -31
1316  -6  -31
1308  -6  -31
1312  -6  -30
1312  -6  -30
1368  -7  -29
1348  -7  -29
1360  -7  -29
1356  -7  -28
1348  -7  -28
1368  -7  -27
1352  -8  -27
1360  -8  -26
1360  -8  -26
1356  -8  -25
1356  -8  -25
1364  -8  -24
1360  -8  -23
1356  -8  -23
1360  -8  -22
1368  -8  -21
1360  -8  -21
1356  -7  -20
1364  -7  -19
1360  -7  -18
1360  -7  -16
1368  -7  -15
1360  -6  -14
1348  -6  -13
1364  -6  -12
1356  -6  -10
1360  -5  -9
1300  -5  -8
1296  -5  -7
1280  -4  -5
1288  -4  -4
1292  -4  -3
1248  -3  -2
1232  -3  0
1228  -2  1
1232  -2  2
1228  -1  4
1228  -1  5
1224  0  6
1196  0  7
1192  0  8
1228  1  9
1212  1  10
1276  2  12
1276  2  13
1284  2  14
1276  2  15
1276  3  17
1272  3  18
1280  3  19
1272  3  20
1280  3  21
1268  4  22
1280  4  23
1272  4  24
1264  4  25
1268  4  26
1276  4  27
1272  4  27
1268  4  28
1272  4  29
1276  4  30
1268  4  30
1276  4  31
1268  4  31
1280  4  32
1284  4  32
1276  4  32
1276  4  33
1272  4  33
1268  3  33
1280  3  34
1276  3  34
1268  2  34
1276  2  35
1264  2  35
1268  1  35
1260  1  35
1272  1  36
1292  0  36
1288  0  37
1288  0  37
1308  -1  37
1324  -1  38
1336  -2  38
1344  -2  39
1332  -2  39
1344  -2  40
1332  -3  40
1328  -3  41
1332  -3  41
1332  -3  42
1336  -3  42
1340  -3  43
1324  -3  44
1340  -3  45
1336  -3  46
1332  -3  46
1348  -3  48
1324  -3  49
1336  -3  50
1340  -3  51
1340  -2  52
1336  -2  54
1336  -2  55
1344  -2  57
1332  -1  58
1332  -1  60
1332  0  62
1304  0  63
1300  0  65
1316  1  67
1320  1  69
1308  2  70
1308  3  72
1312  3  74
1312  4  76
1300  4  78
1264  5  80
1276  6  82
1272  7  84
1268  7  85
1284  8  87
1280  9  89
1288  9  91
1280  10  93
1332  11  94
1344  11  96
1332  12  98
1328  12  100
1400  13  102
1396  13  104
1400  13  105
1448  14  107
1388  14  109
1456  15  110
1436  15  112
1432  15  113
1460  16  114
1436  16  115
1448  16  117
1440  16  118
1432  16  118
1452  16  119
1440  16  120
1448  16  120
1440  16  121
1428  16  121
1400  15  121
1396  15  122
1404  14  122
1396  14  122
1404  13  122
1412  13  122
1424  12  122
1408  11  122
1408  11  122
1400  10  122
1400  10  122
1392  9  122
1380  8  122
1380  7  122
1372  7  122
1380  6  123
1380  5  123
1372  5  123
1384  4  123
1388  4  123
1380  4  123
1372  4  123
1392  3  123
1384  3  124
1372  3  124
1384  3  124
1380  3  125
1392  2  126
1384  2  126
1384  2  128
1396  2  129
1392  2  130
1384  2  131
1388  2  133
1392  2  134
1376  3  136
1400  3  138
1384  3  139
1384  4  141
1392  4  143
1372  5  145
1380  5  147
1396  6  149
1380  7  151
1376  8  153
1396  9  156
1372  10  158
1448  11  160
1444  12  163
1428  13  165
1412  14  168
1404  15  171
1420  16  174
1416  17  176
1416  18  179
1412  19  181
1408  20  184
1400  21  186
1448  22  188
1444  23  191
1448  23  193
1440  24  196
1444  25  198
1456  26  200
1436  27  202
1452  27  203
1452  28  205
1448  28  207
1444  28  208
1448  29  210
1456  29  211
1448  29  213
1448  29  214
1452  29  215
1444  29  216
1452  29  217
1440  29  218
1448  29  218
1436  29  218
1436  29  218
1460  28  218
1440  28  218
1448  27  218
1440  27  218
1452  26  218
1432  25  218
1428  25  218
1408  24  217
1400  23  217
1396  23  217
1428  22  216
1408  21  216
1412  20  216
1404  19  215
1392  19  215
1404  18  215
1448  17  215
1448  16  215
1456  15  214
1440  15  214
1448  14  214
1436  14  214
1456  13  214
1440  13  214
1444  13  214
1452  13  214
1444  13  214
1448  13  214
1452  13  215
1456  13  215
1444  13  216
1452  13  217
1452  13  217
1452  13  218
1452  13  220
1448  13  221
1452  14  222
1456  14  224
1452  14  225
1452  15  227
1440  15  228
1456  16  230
1440  16  232
1452  17  234
1452  17  236
1448  18  238
1448  19  240
1436  19  242
1444  20  244
1400  21  246
1400  22  248
1416  23  250
1416  24  252
1424  25  254
1428  26  256
1408  27  258
1408  28  260
1412  29  262
1452  30  264
1452  30  266
1448  31  268
1452  32  269
1464  33  271
1448  33  273
1456  34  274
1456  35  276
1456  35  277
1448  35  279
1460  36  280
1460  36  281
1456  36  283
1460  36  284
1452  36  285
1464  37  285
1452  37  286
1448  37  286
1460  37  287
1448  37  287
1452  37  287
1448  37  287
1448  36  287
1452  36  287
1440  36  287
1452  35  287
1456  34  286
1448  34  286
1444  33  286
1448  33  285
1448  32  285
1400  31  284
1400  31  284
1412  30  283
1400  30  282
1420  29  282
1408  28  281
1396  28  281
1436  27  280
1408  26  279
1416  26  278
1404  25  278
1404  25  277
1416  24  276
1396  24  276
1448  23  276
1452  23  275
1444  22  275
1452  22  275
1444  21  275
1456  21  275
1444  21  275
1444  21  275
1452  21  275
1444  21  275
1460  21  276
1444  21  276
1444  21  276
1456  22  277
1440  22  277
1460  22  278
1452  23  279
1456  23  280
1448  24  281
1428  24  281
1412  25  282
1400  25  284
1404  26  285
1408  26  286
1416  27  287
1412  27  289
1424  28  290
1420  28  291
1412  29  292
1412  30  293
1412  30  294
1416  31  295
1404  32  296
1408  32  297
1456  33  298
1452  34  299
1452  34  299
1452  35  300
1456  35  301
1452  36  302
1456  36  302
1452  36  303
1452  36  304
1452  36  304
1452  37  305
1448  37  305
1440  37  305
1440  37  305
1448  37  305
1436  37  305
1456  37  305
1448  36  305
1456  36  305
1444  36  305
1448  36  305
1460  35  304
1440  35  304
1456  35  303
1452  34  302
1444  34  301
1452  34  301
1448  33  300
1452  33  299
1404  32  298
1396  32  298
1424  31  297
1404  31  296
1416  31  295
1416  30  294
1408  30  294
1432  29  293
1404  29  292
1412  29  291
1432  28  290
1416  28  289
1420  28  288
1420  27  287
1408  27  287
1412  26  286
1404  26  285
1408  26  285
1404  25  284
1396  25  284
1408  25  283
1396  25  283
1448  24  283
1448  24  282
1440  24  282
1440  24  282
1436  24  282
1428  24  282
1404  25  282
1396  25  282
1404  25  282
1400  26  282
1404  26  282
1416  27  282
1404  27  282
1408  27  282
1408  28  282
1420  28  283
1416  29  283
1404  29  283
1400  30  283
1416  30  284
1404  30  284
1396  31  284
1404  31  284
1392  31  284
1460  32  284
1432  32  284
1432  32  284
1456  32  284
1432  32  284
1448  32  284
1436  32  284
1432  32  284
1452  32  284
1448  32  283
1444  32  283
1448  32  282
1432  32  282
1452  32  282
1448  32  281
1448  32  281
1448  32  280
1456  32  279
1444  32  279
1452  32  278
1448  32  277
1448  32  276
1456  31  275
1444  31  274
1448  31  273
1448  31  272
1448  30  271
1448  30  270
1444  30  269
1400  29  268
1412  29  267
1400  29  266
1416  28  264
1408  28  263
1400  28  262
1424  27  261
1412  27  260
1408  27  259
1428  26  257
1420  26  256
1420  26  255
1428  25  254
1420  25  253
1408  25  251
1416  24  250
1420  24  249
1416  24  248
1400  24  246
1420  23  245
1408  23  244
1412  23  243
1420  23  242
1412  23  241
1420  22  240
1400  22  239
1404  22  238
1404  22  238
1408  22  237
1412  22  236
1408  21  235
1392  21  235
1408  21  234
1404  21  233
1392  21  233
1416  21  232
1396  21  232
1416  22  231
1412  22  231
1416  22  230
1424  22  229
1416  23  229
1416  23  228
1424  23  227
1412  23  227
1420  23  227
1404  24  226
1400  24  226
1404  24  226
1404  24  225
1396  25  225
1404  25  224
1396  25  223
1452  26  223
1440  26  222
1428  26  222
1456  26  221
1436  26  221
1448  26  220
1444  26  219
1448  26  218
1452  26  217
1440  26  216
1448  26  215
1440  26  214
1432  26  213
1456  26  211
1444  26  210
1456  25  209
1440  25  208
1444  24  206
1448  24  205
1432  24  203
1408  23  202
1444  23  200
1432  23  198
1452  23  197
1396  22  195
1404  22  193
1400  21  191
1400  21  189
1416  20  187
1404  20  186
1424  19  184
1428  18  182
1400  18  180
1424  17  178
1412  17  176
1416  16  175
1416  16  173
1408  15  171
1412  15  169
1400  14  167
1444  13  165
1400  13  164
1452  12  162
1448  12  161
1440  11  160
1448  11  158
1452  11  157
1452  10  155
1448  10  154
1440  10  152
1444  10  151
1448  10  150
1440  10  149
1440  10  149
1448  10  148
1448  10  147
1448  10  146
1440  10  146
1448  11  145
1432  11  145
1396  12  144
1400  12  144
1404  13  144
1416  13  143
1416  14  143
1408  14  143
1424  15  142
1404  15  142
1404  16  142
1404  16  141
1396  17  141
1400  17  141
1444  18  141
1444  18  140
1452  19  140
1444  19  139
1456  20  139
1448  20  138
1444  20  138
1456  20  137
1444  20  136
1444  20  136
1444  20  135
1448  20  134
1444  20  133
1444  20  132
1452  20  131
1444  20  129
1452  20  128
1444  20  126
1448  20  125
1452  19  123
1440  19  121
1452  19  119
1452  18  118
1448  18  116
1448  17  113
1444  17  111
1452  16  109
1444  16  107
1452  15  105
1432  15  102
1448  14  100
1444  13  97
1336  12  95
1328  12  93
1344  11  91
1348  10  88
1348  9  86
1284  8  84
1280  8  81
1280  7  79
1268  6  77
1268  5  74
1272  4  72
1260  4  70
1308  3  68
1320  2  66
1316  1  64
1308  1  62
1296  0  60
1320  -1  59
1324  -1  57
1336  -2  55
1344  -2  53
1336  -2  51
1336  -3  50
1348  -3  49
1336  -3  47
1328  -3  46
1336  -3  45
1356  -4  44
1340  -4  43
1336  -4  42
1348  -3  41
1328  -3  40
1324  -3  40
1344  -3  39
1340  -2  39
1332  -2  38
1340  -2  38
1332  -1  38
1332  -1  38
1308  0  38
1308  0  38
1260  1  38
1268  2  38
1276  3  38
1280  3  38
1264  4  38
1272  5  38
1260  6  38
1268  6  38
1260  7  38
1304  8  38
1300  8  38
1316  9  38
1312  10  38
1368  10  38
1384  11  38
1372  11  38
1372  11  38
1396  12  38
1380  12  38
1376  12  37
1388  12  37
1376  12  37
1388  12  36
1388  12  36
1384  12  35
1392  12  34
1384  12  33
1384  12  32
1392  12  31
1384  12  29
1372  12  28
1392  12  27
1380  12  25
1372  12  23
1400  11  22
1384  11  20
1376  11  18
1400  10  16
1384  10  14
1376  9  12
1324  8  10
1312  8  9
1252  7  7
1248  6  5
1248  6  3
1244  5  1
1240  4  -1
1260  4  -4
1268  3  -6
1224  2  -8
1216  2  -11
1280  1  -13
1276  0  -15
1308  -1  -18
1344  -2  -20
1312  -2  -22
1332  -3  -25
1320  -4  -27
1316  -5  -30
1312  -6  -32
1368  -7  -34
1360  -8  -36
1356  -8  -38
1364  -9  -40
1360  -10  -42
1428  -11  -44
1428  -12  -46
1428  -13  -48
1436  -13  -50
1432  -14  -52
1440  -14  -54
1424  -14  -55
1424  -15  -57
1432  -15  -58
1432  -15  -59
1432  -15  -60
1436  -15  -61
1432  -16  -62
1436  -16  -63
1432  -15  -63
1428  -15  -64
1436  -15  -64
1424  -15  -64
1432  -14  -64
1424  -14  -64
1420  -13  -64
1428  -13  -64
1424  -12  -64
1432  -11  -63
1420  -10  -63
1416  -10  -63
1384  -9  -62
1316  -8  -62
1328  -7  -62
1332  -6  -61
1320  -5  -61
1324  -5  -60
1320  -4  -60
1312  -3  -60
1360  -2  -59
1352  -1  -59
1360  -1  -59
1340  0  -58
1320  0  -58
1340  1  -58
1332  1  -57
1324  1  -57
1340  2  -57
1328  2  -57
1332  2  -57
1328  2  -57
1336  2  -57
1332  2  -57
1336  2  -58
1332  2  -58
1332  2  -58
1336  2  -59
1340  2  -59
1344  2  -60
1328  2  -61
1356  2  -62
1336  2  -63
1340  2  -64
1336  2  -65
1348  1  -66
1340  1  -67
1332  1  -68
1324  0  -70
1316  0  -71
1340  -1  -72
1368  -1  -74
1360  -2  -75
1360  -2  -77
1360  -3  -78
1352  -3  -80
1360  -4  -81
1360  -4  -83
1348  -5  -84
1352  -5  -86
1304  -6  -87
1324  -7  -89
1316  -7  -91
1320  -8  -92
1324  -9  -94
1320  -9  -95
1328  -10  -96
1392  -11  -98
1392  -11  -99
1380  -12  -101
1452  -12  -103
1448  -13  -104
1452  -13  -106
1496  -14  -107
1492  -15  -108
1496  -15  -109
1492  -16  -110
1496  -16  -111
1488  -16  -112
1500  -17  -113
1492  -17  -113
1500  -17  -114
1488  -17  -114
1504  -17  -115
1492  -17  -115
1496  -17  -115
1492  -17  -115
1488  -16  -115
1488  -16  -115
1492  -15  -114
1488  -15  -114
1436  -14  -114
1460  -13  -114
1444  -13  -114
1476  -12  -113
1464  -11  -113
1472  -11  -112
1460  -10  -112
1440  -9  -112
1388  -9  -111
1376  -8  -111
1376  -8  -110
1432  -7  -110
1416  -7  -109
1420  -6  -109
1432  -6  -108
1416  -6  -108
1428  -5  -108
1424  -5  -107
1420  -5  -107
1428  -5  -107
1420  -5  -107
1420  -5  -107
1424  -5  -107
1420  -5  -107
1428  -5  -107
1416  -5  -107
1420  -5  -107
1428  -5  -107
1416  -5  -107
1436  -5  -108
1424  -5  -108
1428  -5  -109
1428  -5  -109
1420  -6  -110
1432  -6  -111
1412  -6  -111
1424  -6  -112
1428  -7  -113
1420  -7  -113
1424  -7  -114
1424  -8  -115
1416  -8  -116
1428  -8  -117
1376  -9  -118
1372  -9  -118
1396  -10  -119
1444  -10  -120
1476  -11  -121
1460  -11  -121
1472  -12  -122
1476  -12  -122
1448  -12  -123
1476  -13  -124
1456  -13  -124
1464  -13  -125
1448  -14  -126
1440  -14  -126
1460  -14  -127
1444  -14  -127
1448  -15  -127
1448  -15  -127
1440  -15  -127
1504  -16  -128
1484  -16  -128
1488  -16  -128
1484  -16  -128
1488  -16  -128
1444  -15  -127
1452  -15  -127
1444  -15  -127
1444  -15  -127
1460  -14  -126
1440  -14  -126
1452  -14  -126
1472  -13  -125
1464  -13  -125
1460  -13  -124
1440  -12  -124
1452  -12  -124
1460  -12  -123
1452  -11  -123
1464  -11  -122
1440  -11  -122
1476  -11  -121
1448  -10  -120
1456  -10  -120
1456  -10  -119
1448  -10  -119
1460  -10  -118
1448  -10  -118
1452  -10  -117
1444  -10  -117
1456  -9  -116
1380  -9  -116
1380  -9  -115
1388  -9  -115
1376  -9  -115
1376  -9  -115
1388  -9  -115
1380  -9  -115
1380  -9  -115
1384  -9  -115
1380  -9  -115
1384  -9  -115
1380  -9  -115
1380  -9  -115
1384  -9  -115
1380  -9  -115
1388  -10  -115
1448  -10  -115
1452  -10  -115
1472  -11  -115
1452  -11  -115
1448  -11  -115
1472  -12  -115
1456  -12  -115
1464  -12  -115
1448  -13  -115
1448  -13  -115
1460  -13  -115
1448  -13  -115
1452  -14  -115
1444  -14  -115
1448  -14  -115
1444  -14  -115
1444  -14  -115
1452  -14  -114
1440  -14  -114
1448  -14  -114
1440  -14  -114
1444  -14  -113
1444  -14  -113
1444  -14  -112
1452  -14  -112
1444  -14  -111
1444  -14  -110
1452  -14  -110
1444  -14  -109
1500  -14  -108
1480  -14  -108
1460  -13  -107
1440  -13  -106
1448  -13  -105
1452  -13  -104
1444  -13  -103
1460  -12  -102
1448  -12  -102
1456  -12  -101
1468  -11  -99
1380  -11  -99
1400  -11  -98
1404  -10  -97
1392  -10  -96
1408  -10  -95
1376  -9  -94
1324  -9  -93
1340  -9  -92
1340  -9  -91
1332  -8  -90
1328  -8  -90
1320  -8  -89
1332  -8  -88
1332  -8  -87
1328  -8  -86
1324  -7  -85
1320  -7  -84
1328  -7  -83
1316  -7  -83
1320  -7  -82
1332  -7  -81
1320  -7  -81
1324  -7  -80
1324  -7  -79
1324  -7  -79
1328  -7  -78
1324  -7  -78
1336  -7  -77
1320  -7  -77
1324  -7  -76
1324  -7  -76
1320  -7  -76
1320  -7  -75
1332  -8  -75
1332  -8  -74
1328  -8  -74
1324  -8  -74
1328  -8  -73
1316  -9  -73
1320  -9  -72
1316  -9  -72
1324  -9  -72
1316  -9  -71
1308  -10  -71
1376  -10  -71
1380  -10  -70
1372  -10  -70
1440  -11  -69
1412  -11  -69
1436  -11  -68
1424  -11  -67
1428  -12  -67
1428  -12  -66
1420  -12  -66
1436  -12  -65
1424  -12  -64
1432  -12  -63
1432  -12  -62
1428  -12  -61
1428  -12  -60
1436  -12  -59
1428  -12  -58
1436  -12  -57
1424  -11  -56
1428  -11  -54
1432  -11  -53
1428  -11  -52
1432  -10  -50
1428  -10  -49
1424  -10  -47
1436  -9  -46
1360  -9  -44
1364  -8  -43
1356  -8  -41
1352  -8  -39
1312  -7  -38
1364  -7  -36
1312  -6  -34
1308  -6  -33
1332  -5  -31
1312  -5  -30
1328  -4  -28
1312  -4  -26
1336  -3  -25
1324  -3  -23
1320  -2  -22
1352  -2  -20
1336  -1  -19
1324  -1  -17
1308  0  -15
1288  0  -14
1284  0  -12
1280  0  -11
1300  1  -10
1288  1  -8
1236  1  -7
1224  1  -6
1228  2  -5
1228  2  -4
1220  2  -3
1220  2  -2
1224  2  -1
1200  2  0
1224  2  1
1204  2  2
1200  2  3
1196  2  4
1188  2  4
1200  2  5
1212  2  6
1196  2  6
1208  2  7
1204  1  7
1200  1  8
1200  1  8
1216  1  9
1196  0  9
1196  0  9
1188  0  10
1264  -1  10
1288  -1  11
1292  -1  11
1284  -2  12
1284  -2  12
1340  -3  13
1328  -3  13
1340  -4  14
1340  -4  14
1328  -4  15
1336  -5  16
1340  -5  17
1324  -5  17
1344  -5  18
1328  -6  18
1352  -6  19
1340  -6  20
1332  -6  21
1356  -6  22
1328  -6  22
1336  -6  24
1356  -6  25
1336  -6  26
1332  -6  27
1356  -6  28
1336  -6  30
1340  -5  31
1348  -5  33
1340  -5  34
1336  -5  36
1336  -4  38
1348  -4  39
1340  -4  41
1332  -4  43
1348  -3  45
1336  -3  47
1328  -2  49
1336  -2  51
1352  -1  53
1312  0  56
1300  0  58
1316  1  60
1312  1  62
1312  2  65
1312  3  67
1264  4  69
1264  4  72
1260  5  74
1280  6  76
1280  7  78
1276  7  81
1272  8  83
1288  9  85
1272  10  87
1328  11  89
1332  11  91
1340  12  94
1328  12  96
1372  13  98
1332  13  100
1440  14  102
1432  14  104
1460  15  106
1440  15  108
1444  16  110
1440  16  112
1436  16  113
1460  17  115
1440  17  117
1448  17  118
1440  17  119
1452  17  120
1440  17  121
1428  17  122
1456  16  122
1436  16  123
1448  16  124
1436  16  124
1388  15  124
1408  15  125
1404  14  125
1400  14  125
1416  13  125
1420  12  126
1420  12  126
1400  11  126
1400  10  126
1448  9  126
1376  8  126
1376  8  127
1384  7  127
1384  6  127
1372  5  128
1396  4  128
1372  4  128
1392  4  128
1380  3  128
1380  3  129
1380  3  129
1388  2  129
1388  2  130
1392  2  131
1396  1  132
1392  1  133
1400  1  134
1388  1  135
1396  1  137
1400  1  138
1388  1  140
1400  1  142
1392  2  144
1392  2  146
1396  3  148
1388  3  150
1388  4  153
1396  4  155
1384  5  158
1376  6  160
1396  7  163
1384  8  165
1372  9  168
1384  10  170
1440  12  173
1452  13  177
1440  14  180
1392  15  183
1412  16  187
1408  17  190
1416  18  193
1412  20  197
1412  21  200
1408  22  203
1400  23  206
1452  25  209
1452  26  212
1448  27  215
1456  28  218
1444  29  221
1456  30  223
1452  31  226
1448  31  228
1452  32  230
1456  33  233
1452  33  235
1452  34  237
1448  34  239
1456  34  241
1448  34  243
1452  34  245
1448  34  247
1452  34  248
1452  35  250
1440  35  250
1460  35  251
1444  35  252
1448  35  252
1452  34  253
1448  34  253
1448  34  253
1444  34  253
1456  33  253
1440  33  253
1452  32  253
1444  31  253
1432  31  253
1452  30  253
1440  29  253
1400  28  252
1400  27  252
1404  26  252
1416  25  252
1420  24  251
1400  23  251
1404  22  251
1448  21  250
1432  21  250
1448  20  250
1444  19  250
1444  18  250
1440  18  249
1452  17  249
1444  17  249
1444  16  249
1452  16  249
1444  16  249
1460  16  250
1444  16  250
1456  16  251
1448  16  251
1452  16  252
1456  16  253
1448  16  254
1456  16  255
1452  16  257
1452  16  258
1460  16  259
1456  17  261
1460  17  262
1456  18  264
1456  18  266
1452  19  268
1444  19  270
1460  20  272
1452  21  274
1460  21  277
1448  22  279
1456  23  282
1444  24  284
1396  25  286
1412  26  289
1412  27  291
1416  28  294
1416  29  296
1420  30  298
1424  31  301
1408  32  303
1404  33  305
1460  34  308
1452  35  310
1456  36  313
1456  37  315
1448  38  317
1460  39  319
1456  40  321
1464  40  323
1456  41  325
1460  42  327
1452  42  329
1460  43  330
1460  43  332
1448  43  333
1460  43  334
1460  44  336
1464  44  337
1456  44  338
1452  44  338
1460  44  339
1448  44  339
1460  44  340
1452  44  340
1452  44  341
1456  44  341
1452  44  341
1452  43  341
1440  43  341
1456  43  340
1456  42  340
1448  41  340
1456  41  339
1444  40  339
1456  40  338
1444  39  338
1460  38  337
1448  37  336
1448  37  335
1404  36  334
1404  35  334
1404  35  333
1428  34  332
1420  33  331
1432  32  330
1420  32  329
1420  31  328
1412  30  327
1400  30  326
1408  29  326
1452  28  325
1436  28  325
1460  27  324
1448  26  324
1448  26  324
1452  25  323
1432  25  323
1456  25  323
1448  24  323
1452  24  323
1444  24  323
1444  24  323
1452  25  323
1444  25  324
1444  25  324
1440  25  324
1460  26  325
1452  26  326
1428  27  326
1460  27  327
1452  27  329
1460  28  330
1444  29  331
1440  29  332
1404  30  334
1400  30  335
1412  31  336
1420  32  337
1404  32  339
1428  33  340
1420  34  341
1416  35  342
1424  35  343
1408  36  345
1408  37  345
1456  38  346
1444  39  347
1452  39  348
1456  40  349
1452  40  350
1452  41  350
1456  41  351
1452  42  352
1448  42  353
1452  42  354
1448  42  355
1448  42  355
1452  42  356
1432  42  356
1464  43  356
1448  43  356
1456  43  356
1444  43  356
1456  43  356
1448  42  355
1440  42  355
1456  42  354
1448  41  354
1460  41  353
1448  41  353
1452  41  352
1460  40  351
1448  40  350
1460  40  349
1448  39  348
1444  39  348
1448  38  347
1444  38  346
1408  37  344
1408  36  343
1412  36  342
1412  35  341
1408  35  340
1416  35  338
1424  34  337
1416  34  336
1456  33  335
1408  33  333
1428  32  332
1420  32  331
1412  31  330
1416  30  329
1412  30  328
1412  29  327
1400  29  326
1452  28  326
1448  28  325
1444  27  325
1452  27  324
1440  27  324
1444  27  323
1444  27  323
1448  27  322
1444  27  322
1440  27  322
1440  27  322
1452  28  322
1432  28  322
1444  28  322
1392  29  322
1404  30  322
1412  30  322
1408  31  322
1412  32  322
1400  32  322
1416  33  323
1408  33  323
1400  34  323
1400  34  323
1412  35  324
1392  35  324
1460  36  324
1440  36  324
1444  37  324
1448  37  324
1440  37  324
1460  38  324
1444  38  324
1444  38  324
1452  38  324
1444  38  324
1456  38  324
1444  38  324
1452  38  323
1448  38  323
1452  38  322
1452  38  322
1452  38  321
1464  38  320
1444  38  320
1448  38  319
1452  38  318
1452  38  317
1456  38  316
1444  38  315
1448  38  313
1468  37  312
1448  37  311
1464  37  309
1452  36  308
1460  36  306
1448  35  305
1448  35  304
1460  34  302
1448  34  300
1460  34  299
1444  33  297
1452  33  295
1400  32  293
1400  32  292
1456  32  290
1404  31  288
1408  30  286
1416  30  284
1420  29  282
1420  29  281
1420  28  279
1420  28  277
1432  27  275
1424  27  274
1436  26  272
1420  26  270
1408  25  268
1420  25  267
1412  24  265
1404  24  264
1408  23  262
1400  23  261
1464  22  260
1444  22  259
1436  22  257
1408  22  256
1400  22  255
1404  22  254
1396  22  253
1400  22  252
1400  22  251
1400  22  250
1400  22  249
1408  22  248
1392  22  248
1408  23  247
1412  23  247
1408  23  246
1416  24  245
1404  24  245
1416  25  244
1416  25  243
1396  26  243
1408  26  242
1396  26  242
